size: 33

unit: 0
vectors
67 6
-8858.000000 -4872.000000 3624.500000 5279.500000 14069.000000 -3822.000000 
-8950.000000 -3659.000000 3731.000000 5329.000000 14053.000000 -3869.000000 
-8691.000000 -1782.000000 3738.000000 5342.000000 14058.000000 -3883.000000 
-8523.000000 284.000000 3712.500000 5393.500000 14066.000000 -3875.000000 
-8214.000000 1501.000000 3714.000000 5424.000000 14063.000000 -3861.000000 
-7886.000000 2949.000000 3693.000000 5462.000000 14011.000000 -3858.000000 
-8639.000000 -419.000000 3595.500000 5528.500000 13178.000000 -3780.000000 
-9388.000000 -1143.000000 3542.000000 5451.000000 13137.000000 -3716.000000 
-9097.000000 582.000000 3371.500000 5102.500000 12654.000000 -3324.000000 
-9490.000000 1769.000000 3364.000000 5118.000000 12618.000000 -3327.000000 
-9970.000000 3842.000000 3363.500000 5133.500000 12514.000000 -3327.000000 
-8759.000000 -4281.000000 2678.500000 4778.500000 13596.000000 -2716.000000 
-8999.000000 -2403.000000 2794.500000 4790.500000 13582.000000 -2791.000000 
-9015.000000 -884.000000 2795.500000 4791.500000 13586.000000 -2789.000000 
-8854.000000 134.000000 2801.000000 4797.000000 13578.000000 -2789.000000 
-8473.000000 1468.000000 2806.000000 4802.000000 13402.000000 -2789.000000 
-9104.000000 2326.000000 2805.500000 4802.500000 13200.000000 -2789.000000 
-9741.000000 3112.000000 2805.500000 4802.500000 13122.000000 -2789.000000 
-10203.000000 -2812.000000 2999.000000 3874.000000 11024.000000 -2996.000000 
-8947.000000 -2515.000000 3146.500000 3934.500000 11028.000000 -3081.000000 
-8061.000000 -1892.000000 3121.000000 4014.000000 11175.000000 -3085.000000 
-9262.000000 -2939.000000 2699.000000 5385.000000 15882.000000 -2676.000000 
-10085.000000 1432.000000 2874.500000 5451.500000 15640.000000 -2786.000000 
-9256.000000 -1437.000000 3610.500000 4366.500000 11276.000000 -3697.000000 
-9463.000000 -3325.000000 3714.500000 4391.500000 11245.000000 -3761.000000 
-9444.000000 -5272.000000 3714.500000 4392.500000 11237.000000 -3765.000000 
-9800.000000 -429.000000 3544.000000 4552.000000 11371.000000 -3535.000000 
-10255.000000 -997.000000 3735.000000 4093.000000 10307.000000 -3640.000000 
-9713.000000 -2322.000000 3627.000000 4421.000000 11996.000000 -3588.000000 
-8938.000000 -3049.000000 3720.500000 5434.500000 13017.000000 -3808.000000 
-7922.000000 -2007.000000 3813.000000 5483.000000 13004.000000 -3875.000000 
-7134.000000 -484.000000 3785.000000 5511.000000 13006.000000 -3873.000000 
-9093.000000 -3385.000000 3273.500000 4935.500000 15053.000000 -3111.000000 
-9195.000000 -2239.000000 3264.000000 4971.000000 15114.000000 -3115.000000 
-9313.000000 -1038.000000 3269.000000 5032.000000 15127.000000 -3140.000000 
-10320.000000 -3450.000000 3484.500000 2680.500000 10807.000000 -3328.000000 
-9215.000000 -3062.000000 3614.000000 2731.000000 10803.000000 -3441.000000 
-8977.000000 -3785.000000 4525.000000 3344.000000 9353.000000 -4412.000000 
-8897.000000 -2695.000000 4503.500000 3351.500000 9404.000000 -4424.000000 
-10469.000000 -2924.000000 4175.500000 6619.500000 14154.000000 -4136.000000 
-7980.000000 -2325.000000 3476.000000 6652.000000 17267.000000 -3497.000000 
-7896.000000 367.000000 3467.500000 6659.500000 17267.000000 -3491.000000 
-8209.000000 2253.000000 3438.500000 6679.500000 17170.000000 -3490.000000 
-8966.000000 3173.000000 3401.000000 6674.000000 16795.000000 -3486.000000 
-9165.000000 2125.000000 3365.500000 6539.500000 16118.000000 -3454.000000 
-10028.000000 -5105.000000 3202.000000 2445.000000 8853.000000 -3033.000000 
-9504.000000 -2483.000000 3353.500000 2547.500000 8974.000000 -3146.000000 
-8959.000000 -994.000000 3355.000000 2610.000000 9000.000000 -3178.000000 
-9676.000000 -4696.000000 3831.500000 3809.500000 9088.000000 -3906.000000 
-8506.000000 -5988.000000 3925.500000 4066.500000 9070.000000 -3975.000000 
-10211.000000 -2536.000000 3810.500000 5260.500000 15535.000000 -3861.000000 
-9097.000000 -2195.000000 3929.000000 5380.000000 15477.000000 -3928.000000 
-10671.000000 -2013.000000 3283.000000 5615.000000 16628.000000 -3116.000000 
-9632.000000 4542.000000 3430.500000 5643.500000 16247.000000 -3263.000000 
-9169.000000 3838.000000 3431.000000 5644.000000 15545.000000 -3304.000000 
-8854.000000 2717.000000 3431.500000 5636.500000 15369.000000 -3311.000000 
-8266.000000 -575.000000 3422.500000 5572.500000 15189.000000 -3329.000000 
-9128.000000 -4684.000000 4071.500000 3879.500000 10079.000000 -3926.000000 
-11056.000000 -4644.000000 3499.000000 5023.000000 14277.000000 -3306.000000 
-11079.000000 -4907.000000 3593.500000 2810.500000 9693.000000 -3376.000000 
-9463.000000 -3994.000000 4199.000000 5043.000000 10794.000000 -4151.000000 
-8055.000000 -3136.000000 3911.500000 8166.500000 18155.000000 -4234.000000 
-8232.000000 -2459.000000 2793.000000 8055.000000 20304.000000 -2932.000000 
-8739.000000 -5044.000000 2843.500000 5781.500000 17747.000000 -2984.000000 
-6116.000000 -5763.000000 3047.000000 5731.000000 17274.000000 -3228.000000 
-5393.000000 -5585.000000 2388.500000 6279.500000 20001.000000 -2801.000000 
-7237.000000 -1523.000000 2862.000000 2372.000000 6817.000000 -2998.000000 
map
15
1087
93.940202 31.505059 -114.637534 -234.326587 
45.549218 85.848206 
846
96.731679 29.953900 -115.612293 -297.392435 
44.827423 85.165485 
182
80.049451 30.192308 -62.890110 -149.060440 
46.379121 95.620879 
352
71.568182 30.258523 -122.738636 -139.406250 
41.093750 96.704545 
45
92.844444 23.400000 -65.333333 -327.888889 
45.888889 88.177778 
393
71.773537 36.241730 -148.717557 -178.325699 
44.010178 97.152672 
74
67.337838 24.378378 -112.945946 -97.945946 
29.662162 94.864865 
8
63.875000 33.500000 -35.375000 -81.500000 
21.500000 93.250000 
373
89.887400 26.166220 -42.501341 -229.806971 
23.005362 86.101876 
85
69.623529 39.317647 -187.529412 -223.823529 
32.329412 95.976471 
3
81.666667 9.000000 140.666667 -140.666667 
13.000000 71.000000 
4
93.000000 7.250000 36.000000 -155.750000 
12.000000 84.250000 
135
114.637037 16.200000 -139.103704 -334.851852 
45.044444 108.881481 
41
117.731707 14.024390 -130.268293 -385.073171 
42.292683 109.195122 
7
116.285714 12.428571 -61.285714 -420.428571 
34.000000 109.857143 

unit: 1
vectors
17 6
-7648.000000 4283.000000 3671.500000 5499.500000 13885.000000 -3853.000000 
-9415.000000 -1955.000000 2823.500000 5401.500000 15847.000000 -2763.000000 
-9419.000000 -701.000000 2829.500000 5407.500000 15848.000000 -2762.000000 
-9858.000000 438.000000 2856.000000 5434.000000 15795.000000 -2770.000000 
-9023.000000 -7710.000000 3154.500000 4750.500000 14558.000000 -2956.000000 
-9191.000000 -6711.000000 3263.000000 4792.000000 14555.000000 -3012.000000 
-9221.000000 -5503.000000 3268.000000 4797.000000 14602.000000 -3072.000000 
-9052.000000 -4482.000000 3267.000000 4819.000000 14755.000000 -3074.000000 
-8338.000000 -3272.000000 3280.000000 4974.000000 14258.000000 -3341.000000 
-10309.000000 2327.000000 3222.500000 4247.500000 15224.000000 -3235.000000 
-8743.000000 -2711.000000 3650.000000 4996.000000 18103.000000 -3547.000000 
-8742.000000 17.000000 3625.000000 5083.000000 18183.000000 -3550.000000 
-7917.000000 -4496.000000 2723.500000 5940.500000 16640.000000 -3030.000000 
-7985.000000 -4929.000000 2085.000000 4320.000000 13849.000000 -2291.000000 
-5131.000000 -5585.000000 2857.000000 5940.000000 18120.000000 -3138.000000 
-7213.000000 -4330.000000 2134.000000 3742.000000 11741.000000 -2399.000000 
-9643.000000 -2966.000000 2932.000000 6930.000000 16632.000000 -2922.000000 
map
4
247
79.931174 34.230769 -116.425101 -175.534413 
59.012146 101.157895 
59
79.101695 30.677966 -39.000000 -147.271186 
52.338983 99.237288 
152
97.184210 30.565790 -111.039473 -287.381579 
53.934211 89.980263 
281
94.298932 57.366548 -147.010676 -206.483986 
57.120996 106.829181 

unit: 2
vectors
27 6
-10151.000000 -2445.000000 3248.500000 4925.500000 12825.000000 -3242.000000 
-9042.000000 -1788.000000 3385.000000 4989.000000 12776.000000 -3323.000000 
-8917.000000 -3312.000000 3367.000000 6637.000000 17324.000000 -3418.000000 
-9870.000000 -858.000000 3587.000000 4584.000000 13109.000000 -3460.000000 
-8055.000000 -3136.000000 3911.500000 8166.500000 18153.000000 -4234.000000 
-9797.000000 -91.000000 3479.500000 2588.500000 8130.000000 -3601.000000 
-7414.000000 -6124.000000 3529.000000 2307.000000 8149.000000 -3649.000000 
-7288.000000 -8157.000000 3508.000000 2282.000000 8259.000000 -3643.000000 
-8789.000000 -3805.000000 3159.500000 4092.500000 15178.000000 -3149.000000 
-9159.000000 -5362.000000 3533.000000 4874.000000 18007.000000 -3450.000000 
-8538.000000 1756.000000 3579.000000 5251.000000 18067.000000 -3565.000000 
-8640.000000 -2029.000000 3199.500000 4990.500000 15026.000000 -3202.000000 
-8518.000000 -3334.000000 3580.500000 2987.500000 8443.000000 -3531.000000 
-9998.000000 30.000000 4176.000000 5651.000000 14405.000000 -4165.000000 
-9234.000000 -979.000000 1880.000000 5151.000000 18063.000000 -2030.000000 
-7985.000000 -4929.000000 2085.500000 4320.500000 13849.000000 -2291.000000 
-7521.000000 -5843.000000 3133.500000 5552.500000 16710.000000 -3246.000000 
-9929.000000 -2674.000000 2812.000000 5338.000000 17818.000000 -2786.000000 
-10393.000000 -4328.000000 2813.500000 2507.500000 7088.000000 -2806.000000 
-7213.000000 -4330.000000 2135.000000 3741.000000 11742.000000 -2399.000000 
-7128.000000 -1779.000000 3012.500000 5947.500000 16069.000000 -3292.000000 
-6297.000000 169.000000 3084.000000 5878.000000 16049.000000 -3336.000000 
-8649.000000 -679.000000 3122.500000 5851.500000 17257.000000 -3360.000000 
-10377.000000 -179.000000 2656.000000 3633.000000 9759.000000 -2606.000000 
-7835.000000 -3050.000000 2903.000000 2399.000000 6561.000000 -3030.000000 
-9451.000000 -5089.000000 2164.500000 6213.500000 17206.000000 -2218.000000 
-9507.000000 -6998.000000 2145.500000 6115.500000 15151.000000 -2254.000000 
map
12
849
83.027091 35.707892 -126.725559 -188.665489 
51.002356 101.176678 
57
92.105263 21.052632 -83.157895 -329.315789 
47.561403 88.105263 
300
82.233333 25.896667 -86.376667 -190.263333 
51.430000 101.670000 
72
84.763889 24.791667 -129.333333 -141.000000 
44.013889 102.166667 
106
101.867925 20.471698 -71.066038 -259.952830 
52.415094 84.556604 
68
106.000000 28.926471 -146.897059 -325.647059 
37.911765 98.161765 
476
98.939076 44.048319 -142.121849 -236.785714 
48.581933 100.598739 
31
118.032258 27.387097 -12.612903 -392.096774 
19.290323 70.870968 
4
93.750000 6.750000 39.750000 -155.750000 
12.000000 85.000000 
1
63.000000 47.000000 -14.000000 -118.000000 
41.000000 88.000000 
9
88.000000 13.666667 -18.111111 -158.111111 
58.555556 104.888889 
3
89.000000 40.666667 108.666667 -137.333333 
21.000000 86.000000 

unit: 3
vectors
9 6
-10405.000000 -1196.000000 4144.000000 2534.000000 5848.000000 -4072.000000 
-11185.000000 -1619.000000 3963.500000 3533.500000 9166.000000 -3774.000000 
-9849.000000 1449.000000 3337.500000 4275.500000 10525.000000 -3431.000000 
-10787.000000 -5164.000000 3550.000000 2850.000000 7329.000000 -3459.000000 
-10476.000000 719.000000 2695.500000 4173.500000 13752.000000 -2737.000000 
-11352.000000 -863.000000 3178.500000 6153.500000 19288.000000 -3082.000000 
-10432.000000 -4491.000000 4147.000000 3806.000000 10015.000000 -4040.000000 
-10515.000000 344.000000 4345.000000 6442.000000 16778.000000 -4354.000000 
-11389.000000 2129.000000 4321.500000 2300.500000 4177.000000 -4181.000000 
map
5
54
112.462963 32.814814 -130.907407 -320.944444 
19.111111 82.574074 
88
97.988637 34.397727 -135.159091 -261.318182 
28.647727 79.193182 
132
97.363636 34.015152 -121.060606 -215.159091 
34.856061 76.053031 
173
65.560694 51.751445 -108.942197 -165.843931 
36.994220 86.057803 
9
67.333333 32.444444 -106.222222 -96.333333 
42.444444 80.666667 

unit: 4
vectors
40 6
-9469.000000 -6580.000000 3715.500000 4396.500000 11259.000000 -3763.000000 
-9475.000000 -8844.000000 3711.500000 4412.500000 11511.000000 -3761.000000 
-9445.000000 -9319.000000 3696.500000 4527.500000 12399.000000 -3754.000000 
-9760.000000 -7338.000000 3695.000000 4649.000000 12893.000000 -3747.000000 
-9664.000000 -975.000000 3722.000000 6389.000000 15965.000000 -3639.000000 
-8522.000000 -789.000000 3828.000000 6404.000000 15862.000000 -3734.000000 
-7980.000000 796.000000 3715.000000 6432.000000 15534.000000 -3751.000000 
-8731.000000 1248.000000 3579.000000 6345.000000 15062.000000 -3725.000000 
-10854.000000 -1717.000000 4246.000000 2734.000000 8258.000000 -4181.000000 
-8457.000000 1746.000000 4307.000000 2632.000000 8024.000000 -4294.000000 
-7974.000000 378.000000 4252.000000 2577.000000 7693.000000 -4297.000000 
-7373.000000 -1233.000000 4208.500000 2533.500000 7511.000000 -4297.000000 
-11335.000000 -1857.000000 4263.000000 4464.000000 11186.000000 -4160.000000 
-8427.000000 -401.000000 4360.500000 4495.500000 11145.000000 -4289.000000 
-7317.000000 -63.000000 4217.000000 4510.000000 10873.000000 -4301.000000 
-6627.000000 -1050.000000 4126.500000 4509.500000 10748.000000 -4300.000000 
-9922.000000 -6658.000000 3557.500000 4278.500000 12288.000000 -3405.000000 
-9804.000000 -4963.000000 3579.000000 4491.000000 12942.000000 -3452.000000 
-8839.000000 -4981.000000 4464.500000 3631.500000 9140.000000 -4546.000000 
-10532.000000 -3647.000000 3005.000000 1655.000000 7177.000000 -2966.000000 
-8856.000000 -1975.000000 3142.500000 1667.500000 7314.000000 -3065.000000 
-9055.000000 -851.000000 3142.500000 1667.500000 7370.000000 -3067.000000 
-8013.000000 -2639.000000 3835.000000 3532.000000 10619.000000 -3732.000000 
-7824.000000 -998.000000 3946.000000 4160.000000 10413.000000 -3963.000000 
-11460.000000 754.000000 3113.500000 2768.500000 8053.000000 -2910.000000 
-10987.000000 -655.000000 3257.500000 2795.500000 7939.000000 -3017.000000 
-10732.000000 -2966.000000 3700.500000 3041.500000 8120.000000 -3499.000000 
-8900.000000 -1077.000000 2578.500000 2753.500000 9985.000000 -2510.000000 
-9494.000000 -3921.000000 3829.000000 4644.000000 12945.000000 -3771.000000 
-11358.000000 -7755.000000 3570.000000 4193.000000 10191.000000 -3319.000000 
-10476.000000 719.000000 2695.500000 4173.500000 13752.000000 -2736.000000 
-8332.000000 -3493.000000 3583.500000 2399.500000 8024.000000 -3656.000000 
-9764.000000 517.000000 3576.000000 5348.000000 12201.000000 -3533.000000 
-9896.000000 263.000000 4288.500000 5619.500000 14135.000000 -4243.000000 
-9761.000000 -2324.000000 4275.500000 5525.500000 13952.000000 -4249.000000 
-11352.000000 -863.000000 3178.500000 6153.500000 19288.000000 -3080.000000 
-11522.000000 3870.000000 3390.500000 6249.500000 19074.000000 -3209.000000 
-7275.000000 2602.000000 3399.500000 6079.500000 15885.000000 -3657.000000 
-9234.000000 -979.000000 1881.000000 5151.000000 18057.000000 -2027.000000 
-10543.000000 -4930.000000 3757.500000 2645.500000 6323.000000 -3586.000000 
map
7
917
82.041439 34.077427 -129.074154 -194.707743 
43.055617 88.126500 
88
77.522728 34.340909 -73.681818 -135.477273 
38.875000 89.613637 
248
93.818549 34.181452 -114.177420 -277.237904 
57.350806 85.685484 
23
87.000000 26.608696 -120.000000 -119.826087 
38.391304 98.521739 
303
101.349835 36.359736 -95.458746 -217.432343 
34.887789 79.627063 
3
96.000000 24.000000 -41.000000 -265.666667 
28.666667 66.000000 
90
110.122222 39.655556 -137.433333 -335.611111 
52.100000 109.444444 

unit: 5
vectors
28 6
-9955.000000 -1219.000000 3923.500000 4211.500000 9276.000000 -3885.000000 
-9013.000000 -280.000000 4031.500000 4215.500000 9207.000000 -3977.000000 
-11215.000000 -2908.000000 3830.000000 2188.000000 5287.000000 -3629.000000 
-10221.000000 -2819.000000 3956.500000 2226.500000 5294.000000 -3737.000000 
-9261.000000 -3959.000000 3967.500000 2239.500000 5329.000000 -3767.000000 
-9469.000000 -1762.000000 4258.000000 5738.000000 11100.000000 -4348.000000 
-10512.000000 -3598.000000 4012.500000 3944.500000 10744.000000 -4008.000000 
-8786.000000 -3452.000000 3848.000000 3543.000000 10552.000000 -3697.000000 
-9091.000000 -1830.000000 3303.500000 2824.500000 7873.000000 -3083.000000 
-8983.000000 -496.000000 3304.000000 2828.000000 7862.000000 -3155.000000 
-9322.000000 -3018.000000 3849.500000 3136.500000 8112.000000 -3614.000000 
-7522.000000 189.000000 3243.000000 2835.000000 8113.000000 -3181.000000 
-7603.000000 1729.000000 3224.000000 2854.000000 8104.000000 -3184.000000 
-10486.000000 -3947.000000 4096.000000 4998.000000 10768.000000 -4063.000000 
-10708.000000 -6107.000000 4610.500000 3073.500000 7682.000000 -4479.000000 
-11295.000000 -2392.000000 4072.000000 4953.000000 13715.000000 -3916.000000 
-10338.000000 -1689.000000 3158.500000 4960.500000 16312.000000 -3144.000000 
-7515.000000 -6268.000000 3388.500000 3481.500000 9114.000000 -3543.000000 
-11033.000000 588.000000 3490.500000 5327.500000 14421.000000 -3415.000000 
-8252.000000 -4290.000000 2480.500000 5716.500000 13722.000000 -2576.000000 
-9863.000000 -2361.000000 3851.500000 6476.500000 14571.000000 -3907.000000 
-7262.000000 -7612.000000 3897.500000 6936.500000 14542.000000 -3981.000000 
-8962.000000 -3078.000000 2952.000000 5284.000000 15844.000000 -3115.000000 
-9234.000000 -979.000000 1877.500000 5153.500000 18063.000000 -2031.000000 
-10515.000000 344.000000 4344.000000 6441.000000 16781.000000 -4355.000000 
-10352.000000 1437.000000 3686.500000 3827.500000 11402.000000 -3575.000000 
-9118.000000 3726.000000 2142.500000 5630.500000 18391.000000 -2210.000000 
-10376.000000 -179.000000 2655.000000 3634.000000 9766.000000 -2607.000000 
map
8
845
75.275740 38.195266 -147.132544 -174.936094 
34.913609 90.773965 
328
82.762195 26.277439 -68.798781 -236.442073 
30.375000 82.152439 
191
77.036649 30.439790 -85.848167 -164.916231 
33.115183 94.607330 
5
78.400000 17.400000 -17.800000 -153.600000 
35.200000 90.200000 
175
67.005714 33.525714 -121.725714 -117.622857 
36.845714 87.640000 
73
80.890411 38.917808 -168.712329 -220.520548 
32.917808 94.945205 
48
105.187500 26.833334 -108.229166 -338.687500 
33.895834 76.458333 
153
102.137255 39.307190 -144.549020 -276.699346 
37.705882 96.372549 

unit: 6
vectors
5 6
-9200.000000 -10297.000000 3243.000000 5407.000000 16212.000000 -3277.000000 
-9408.000000 -8419.000000 3354.500000 5492.500000 16756.000000 -3354.000000 
-9406.000000 -7133.000000 3362.500000 5522.500000 16919.000000 -3350.000000 
-8560.000000 -5144.000000 3598.000000 5220.000000 16146.000000 -3669.000000 
-8649.000000 -1198.000000 3117.000000 5846.000000 17257.000000 -3346.000000 
map
5
80
89.512500 31.700000 -106.412500 -254.887500 
77.000000 90.350000 
44
94.272727 31.113636 -111.613636 -309.477273 
80.000000 90.772727 
145
88.786207 21.220690 -57.944828 -210.131034 
53.793103 86.227586 
7
87.428571 40.285714 -79.142857 -133.428571 
51.142857 108.000000 
4
63.000000 45.250000 -15.500000 -119.500000 
41.000000 88.000000 

unit: 7
vectors
19 6
-9657.000000 -5101.000000 3362.500000 5560.500000 17034.000000 -3351.000000 
-9840.000000 -3329.000000 3361.500000 5602.500000 17118.000000 -3351.000000 
-10084.000000 -1418.000000 3366.000000 5640.000000 17233.000000 -3351.000000 
-10201.000000 163.000000 3381.500000 5673.500000 17253.000000 -3351.000000 
-10202.000000 1179.000000 3388.500000 5699.500000 17252.000000 -3352.000000 
-9521.000000 -878.000000 3416.000000 5629.000000 16545.000000 -3223.000000 
-9405.000000 793.000000 3423.500000 5636.500000 16461.000000 -3233.000000 
-9572.000000 2850.000000 3426.000000 5639.000000 16376.000000 -3257.000000 
-10872.000000 -610.000000 3580.500000 6014.500000 14055.000000 -3397.000000 
-8055.000000 -3136.000000 3911.500000 8166.500000 18155.000000 -4234.000000 
-9611.000000 -2631.000000 3075.000000 5050.000000 15046.000000 -3135.000000 
-7916.000000 -4496.000000 2722.000000 5940.000000 16640.000000 -3032.000000 
-10067.000000 -175.000000 3136.000000 3897.000000 10925.000000 -3228.000000 
-9361.000000 -3351.000000 3627.000000 3313.000000 7920.000000 -3608.000000 
-9583.000000 2034.000000 2702.500000 7336.500000 24857.000000 -2745.000000 
-10181.000000 2820.000000 2916.000000 5693.000000 18137.000000 -2621.000000 
-8998.000000 -4671.000000 2789.500000 2430.500000 6283.000000 -2985.000000 
-7742.000000 -2534.000000 2664.000000 5360.000000 17148.000000 -2774.000000 
-7737.000000 -482.000000 2642.000000 5382.000000 17172.000000 -2763.000000 
map
10
128
88.578125 13.632813 -65.062500 -204.406250 
55.148438 96.007812 
319
83.094044 47.398119 -145.852665 -174.304075 
44.714734 97.203762 
178
90.662921 26.550562 -100.303371 -257.876404 
51.752809 95.707865 
361
108.634349 29.692521 -156.207756 -244.811634 
59.814404 99.387812 
66
96.454545 30.924242 -113.893939 -323.787879 
51.363636 91.348485 
113
67.274336 45.486726 -123.991150 -126.176991 
41.858407 98.575221 
213
80.615023 10.981221 75.384977 -203.802817 
13.854460 71.845070 
13
83.923077 8.307692 136.923077 -144.000000 
14.000000 70.307692 
133
96.481203 16.406015 23.977444 -215.533835 
61.135338 56.586466 
17
80.764706 28.529412 -29.529412 -139.588235 
50.176471 95.588235 

unit: 8
vectors
22 6
-8389.000000 -2800.000000 3658.500000 4512.500000 11239.000000 -3620.000000 
-8190.000000 -1364.000000 3729.000000 4481.000000 11950.000000 -3672.000000 
-8185.000000 -167.000000 3667.500000 4554.500000 11930.000000 -3679.000000 
-8752.000000 -1421.000000 3809.000000 6672.000000 12499.000000 -4100.000000 
-8117.000000 -2191.000000 3910.500000 6693.500000 12426.000000 -4149.000000 
-7116.000000 -1336.000000 3860.500000 6723.500000 12441.000000 -4112.000000 
-8941.000000 -6037.000000 4121.500000 4145.500000 11665.000000 -4154.000000 
-8682.000000 -4552.000000 4090.500000 4176.500000 11834.000000 -4152.000000 
-11216.000000 -2573.000000 3773.000000 2327.000000 8466.000000 -3627.000000 
-8064.000000 -870.000000 3560.000000 2992.000000 8328.000000 -3694.000000 
-7154.000000 -1898.000000 3536.000000 2971.000000 8304.000000 -3678.000000 
-8761.000000 -4625.000000 3576.500000 2005.500000 7880.000000 -3307.000000 
-11392.000000 54.000000 3822.500000 4285.500000 12325.000000 -3572.000000 
-11223.000000 -1030.000000 4492.000000 2179.000000 4750.000000 -4447.000000 
-10277.000000 -243.000000 3618.000000 4629.000000 10470.000000 -3630.000000 
-9863.000000 -2361.000000 3851.000000 6476.000000 14575.000000 -3906.000000 
-9678.000000 -3272.000000 4533.000000 5953.000000 13118.000000 -4643.000000 
-11486.000000 -1840.000000 4340.500000 8058.500000 21729.000000 -4211.000000 
-9926.000000 -1040.000000 3290.000000 4865.000000 15143.000000 -3346.000000 
-10543.000000 -4930.000000 3757.500000 2645.500000 6323.000000 -3586.000000 
-9174.000000 -6437.000000 3880.000000 2664.000000 6458.000000 -3689.000000 
-9118.000000 3726.000000 2145.500000 5628.500000 18391.000000 -2209.000000 
map
6
418
92.380383 23.839713 -72.631579 -192.471292 
30.988038 83.098086 
4
66.750000 30.750000 -84.250000 -73.250000 
38.000000 86.000000 
369
94.596206 45.991870 -96.520325 -233.604336 
35.094851 74.387534 
78
97.423077 28.217949 -98.512821 -314.564102 
30.833333 74.064103 
166
98.451807 40.216867 -127.144579 -276.391567 
40.030120 73.855421 
120
81.958333 14.875000 -64.683333 -145.916667 
31.775000 97.333333 

unit: 9
vectors
28 6
-11513.000000 141.000000 3327.500000 3922.500000 9504.000000 -3159.000000 
-10254.000000 -424.000000 3472.000000 3917.000000 9409.000000 -3267.000000 
-9372.000000 -1396.000000 3485.000000 3905.000000 9360.000000 -3276.000000 
-8824.000000 -2370.000000 3490.000000 3902.000000 9357.000000 -3305.000000 
-8373.000000 -3340.000000 3492.500000 3898.500000 9404.000000 -3317.000000 
-8479.000000 -4484.000000 3492.000000 3898.000000 9441.000000 -3334.000000 
-11448.000000 -1195.000000 3415.000000 3250.000000 9913.000000 -3135.000000 
-10020.000000 -1856.000000 3559.000000 3233.000000 9896.000000 -3264.000000 
-9323.000000 -764.000000 3579.000000 3213.000000 9898.000000 -3333.000000 
-8662.000000 -2024.000000 3801.000000 4547.000000 9329.000000 -3940.000000 
-8221.000000 2013.000000 3750.500000 4661.500000 9317.000000 -3905.000000 
-6518.000000 -142.000000 3778.000000 6722.000000 12430.000000 -4065.000000 
-8690.000000 -3120.000000 4071.000000 4195.000000 11907.000000 -4151.000000 
-11581.000000 -3270.000000 3388.000000 1901.000000 7776.000000 -3093.000000 
-9948.000000 -3040.000000 3318.500000 5139.500000 16302.000000 -3225.000000 
-9043.000000 598.000000 3327.000000 5496.000000 16573.000000 -3264.000000 
-9274.000000 -7711.000000 3329.500000 2429.500000 6218.000000 -3308.000000 
-9044.000000 -12077.000000 3434.500000 2583.500000 7445.000000 -3398.000000 
-10476.000000 719.000000 2695.500000 4173.500000 13752.000000 -2737.000000 
-8055.000000 -3136.000000 3910.500000 8165.500000 18157.000000 -4234.000000 
-8252.000000 -4290.000000 2480.500000 5716.500000 13714.000000 -2580.000000 
-9863.000000 -2361.000000 3851.000000 6476.000000 14571.000000 -3907.000000 
-8234.000000 -2459.000000 2797.500000 8054.500000 20304.000000 -2927.000000 
-9926.000000 -1040.000000 3290.000000 4865.000000 15143.000000 -3346.000000 
-9118.000000 3726.000000 2142.500000 5630.500000 18391.000000 -2210.000000 
-11241.000000 -3852.000000 2847.000000 3581.000000 9574.000000 -2703.000000 
-10258.000000 -2086.000000 2765.000000 5659.000000 18337.000000 -2494.000000 
-9634.000000 -1063.000000 3166.500000 5023.500000 10958.000000 -3069.000000 
map
9
568
102.987676 29.533451 -114.602113 -232.804578 
33.276408 84.661972 
217
103.013824 31.207374 -119.488480 -298.682027 
29.511520 84.930876 
61
106.885246 28.377050 -103.196721 -345.688525 
25.868852 86.295082 
342
85.353801 25.564327 -40.839181 -194.233918 
31.859649 88.479532 
8
81.500000 17.500000 -34.750000 -325.875000 
43.000000 81.625000 
184
66.445652 39.630435 -64.739131 -161.271739 
36.782609 91.815217 
10
86.300000 8.000000 114.700000 -152.700000 
13.000000 72.000000 
1
93.000000 6.000000 41.000000 -156.000000 
12.000000 85.000000 
2
105.000000 25.000000 -131.000000 -174.500000 
30.000000 96.500000 

unit: 10
vectors
28 6
-11049.000000 -1563.000000 3607.000000 4397.000000 11178.000000 -3372.000000 
-9775.000000 -3284.000000 4365.000000 2708.000000 8166.000000 -4275.000000 
-9158.000000 -1105.000000 4338.500000 2664.500000 8167.000000 -4284.000000 
-9096.000000 803.000000 4326.000000 2651.000000 8157.000000 -4291.000000 
-11253.000000 -697.000000 4398.000000 3309.000000 9635.000000 -4282.000000 
-10354.000000 -1310.000000 4521.000000 3337.000000 9384.000000 -4373.000000 
-9921.000000 -2691.000000 4527.000000 3343.000000 9330.000000 -4386.000000 
-8111.000000 -4270.000000 4250.000000 3524.000000 9639.000000 -4235.000000 
-7481.000000 -3248.000000 4136.000000 3544.000000 9844.000000 -4235.000000 
-7673.000000 -2240.000000 4074.500000 3562.500000 9907.000000 -4235.000000 
-10139.000000 -2389.000000 4378.500000 4477.500000 11151.000000 -4248.000000 
-9104.000000 -1947.000000 4378.500000 4478.500000 11155.000000 -4270.000000 
-10394.000000 -3935.000000 4484.500000 3342.500000 8229.000000 -4469.000000 
-9443.000000 -5333.000000 4591.000000 3399.000000 8248.000000 -4546.000000 
-8770.000000 -6335.000000 4568.000000 3442.000000 8397.000000 -4546.000000 
-9392.000000 -3319.000000 3139.000000 1669.000000 7197.000000 -3061.000000 
-10997.000000 -2958.000000 3723.500000 3550.500000 10538.000000 -3570.000000 
-11211.000000 -4167.000000 3931.000000 3566.000000 9885.000000 -3783.000000 
-9955.000000 -1266.000000 3283.000000 2810.000000 7897.000000 -3035.000000 
-11476.000000 2792.000000 3350.000000 4596.000000 13877.000000 -3325.000000 
-10872.000000 -610.000000 3580.500000 6014.500000 14055.000000 -3397.000000 
-11354.000000 -863.000000 3179.500000 6152.500000 19288.000000 -3080.000000 
-11511.000000 2274.000000 3406.000000 6265.000000 18959.000000 -3215.000000 
-10515.000000 344.000000 4344.000000 6441.000000 16781.000000 -4355.000000 
-10352.000000 1437.000000 3686.500000 3827.500000 11402.000000 -3575.000000 
-10258.000000 -2086.000000 2764.500000 5658.500000 18336.000000 -2496.000000 
-10942.000000 -2231.000000 4711.500000 6663.500000 16684.000000 -4666.000000 
-8271.000000 -3419.000000 3173.000000 4979.000000 13064.000000 -3310.000000 
map
5
445
70.148315 32.458427 -133.076405 -124.501124 
38.644944 86.107865 
544
78.415441 36.658089 -132.253677 -181.735294 
41.409926 84.792279 
54
79.944444 36.925926 -57.703704 -136.166667 
38.611111 86.129630 
91
94.395604 30.978022 -100.109890 -264.340659 
32.967033 73.175824 
263
88.942966 41.730038 -90.562738 -188.650190 
41.243346 87.851711 

unit: 11
vectors
17 6
-7796.000000 755.000000 3045.500000 4140.500000 10707.000000 -3315.000000 
-6799.000000 756.000000 3131.000000 4113.000000 10610.000000 -3351.000000 
-8129.000000 745.000000 3417.500000 2936.500000 7566.000000 -3505.000000 
-7023.000000 744.000000 3494.000000 2910.000000 7479.000000 -3575.000000 
-7760.000000 -1722.000000 3326.000000 3559.000000 9407.000000 -3426.000000 
-8386.000000 14.000000 3621.500000 4466.500000 10590.000000 -3799.000000 
-11222.000000 -1030.000000 4494.500000 2178.500000 4751.000000 -4441.000000 
-9816.000000 -3000.000000 2809.500000 4068.500000 13080.000000 -2835.000000 
-10459.000000 992.000000 2838.000000 4116.000000 13636.000000 -2801.000000 
-8362.000000 -4614.000000 3711.500000 4594.500000 10511.000000 -3710.000000 
-8977.000000 -465.000000 4590.500000 6019.500000 13021.000000 -4703.000000 
-9363.000000 -2323.000000 3632.000000 2455.000000 7629.000000 -3740.000000 
-9514.000000 -4674.000000 3754.500000 2539.500000 7615.000000 -3808.000000 
-8678.000000 -6658.000000 3735.000000 2648.000000 7731.000000 -3804.000000 
-10376.000000 -179.000000 2655.500000 3633.500000 9768.000000 -2606.000000 
-9265.000000 -1036.000000 2980.000000 3909.000000 7610.000000 -3042.000000 
-11389.000000 2169.000000 4289.500000 2295.500000 4177.000000 -4164.000000 
map
9
183
93.792350 27.765027 -85.912569 -289.961748 
21.404372 87.191257 
32
99.406250 25.937500 -62.750000 -340.968750 
22.281250 81.281250 
166
97.849397 32.144578 -117.325302 -265.602409 
24.590362 90.277109 
56
102.017857 31.446429 -118.982143 -325.607143 
25.357143 90.767857 
257
92.579766 19.272374 -50.315175 -215.369650 
16.470817 84.097276 
40
90.300000 21.825000 -48.150000 -145.700000 
31.150000 85.225000 
99
72.929293 31.454545 -138.797980 -164.757576 
31.565657 112.282828 
6
93.833333 6.666667 11.666667 -166.333333 
12.000000 84.000000 
167
105.664671 45.000000 -97.856287 -203.760479 
21.305389 88.317365 

unit: 12
vectors
15 6
-7046.000000 -1489.000000 2807.500000 6471.500000 21276.000000 -3103.000000 
-7060.000000 -214.000000 2906.000000 6502.000000 21192.000000 -3150.000000 
-6768.000000 1907.000000 2850.500000 6557.500000 21018.000000 -3112.000000 
-7666.000000 1175.000000 2804.500000 6583.500000 20549.000000 -3059.000000 
-10342.000000 -2274.000000 3566.500000 9382.500000 25972.000000 -3546.000000 
-9770.000000 741.000000 4205.000000 9086.000000 26523.000000 -4087.000000 
-9702.000000 2865.000000 4198.000000 9210.000000 26415.000000 -4109.000000 
-8235.000000 -2459.000000 2797.500000 8054.500000 20304.000000 -2927.000000 
-8070.000000 -5891.000000 2889.000000 8189.000000 20245.000000 -2990.000000 
-5371.000000 -2844.000000 2464.500000 5901.500000 21861.000000 -2580.000000 
-4107.000000 -6554.000000 2415.500000 5895.500000 21907.000000 -2577.000000 
-7294.000000 -3281.000000 2008.000000 6428.000000 17779.000000 -2301.000000 
-7728.000000 -172.000000 2115.500000 6421.500000 17766.000000 -2326.000000 
-8728.000000 2167.000000 2115.000000 6316.000000 17407.000000 -2258.000000 
-9163.000000 -2375.000000 2144.500000 6253.500000 17195.000000 -2232.000000 
map
6
411
89.343066 38.783455 18.690998 -207.905109 
27.819951 84.184915 
21
89.142857 38.619048 79.666667 -151.380952 
23.523810 85.380952 
33
78.121212 57.030303 -17.424242 -144.393939 
76.121212 74.848485 
112
81.062500 32.241071 -57.991071 -239.767857 
38.714286 105.517857 
18
85.833333 27.500000 -25.722222 -326.166667 
43.222222 100.166667 
1
94.000000 27.000000 131.000000 -402.000000 
13.000000 70.000000 

unit: 13
vectors
8 6
-11449.000000 699.000000 4836.000000 7956.000000 18192.000000 -4805.000000 
-10420.000000 -738.000000 4953.500000 7892.500000 18010.000000 -4883.000000 
-9663.000000 -75.000000 4922.500000 7772.500000 17856.000000 -4888.000000 
-9595.000000 -1217.000000 4868.500000 7666.500000 17672.000000 -4892.000000 
-8930.000000 2180.000000 3929.000000 8263.000000 18113.000000 -4209.000000 
-10968.000000 -7716.000000 4202.500000 8599.500000 25800.000000 -4026.000000 
-10399.000000 -4793.000000 4206.500000 8839.500000 26355.000000 -4038.000000 
-8740.000000 -5044.000000 2845.000000 5782.000000 17746.000000 -2984.000000 
map
8
72
81.694444 43.972222 -10.722222 -272.833333 
21.666667 31.527778 
48
83.750000 44.541667 -11.187500 -322.500000 
21.000000 31.854167 
2
83.000000 39.500000 49.000000 -338.500000 
17.500000 30.500000 
66
92.303030 10.924242 -47.333333 -266.924242 
63.212121 79.363636 
9
79.555556 53.555556 -64.555556 -169.222222 
74.666667 72.666667 
6
93.333333 7.000000 -49.333333 -211.500000 
46.000000 89.833333 
53
57.169811 10.962264 25.018868 -208.698113 
38.905660 84.245283 
1
89.000000 40.000000 110.000000 -137.000000 
20.000000 86.000000 

unit: 14
vectors
18 6
-10625.000000 -2127.000000 4476.000000 6221.000000 14876.000000 -4425.000000 
-9569.000000 -1898.000000 4583.500000 6221.500000 14796.000000 -4517.000000 
-8570.000000 -1687.000000 4576.500000 6218.500000 14665.000000 -4517.000000 
-7727.000000 -349.000000 4471.000000 6182.000000 14395.000000 -4522.000000 
-9188.000000 -1095.000000 3916.000000 5414.000000 15480.000000 -3928.000000 
-10787.000000 -5164.000000 3551.000000 2850.000000 7329.000000 -3458.000000 
-10476.000000 719.000000 2695.500000 4173.500000 13752.000000 -2737.000000 
-11523.000000 -2322.000000 4016.000000 3289.000000 10282.000000 -3888.000000 
-10001.000000 -4179.000000 4168.500000 3429.500000 10264.000000 -4000.000000 
-8620.000000 -5322.000000 3952.000000 6834.000000 14356.000000 -3982.000000 
-7734.000000 -7219.000000 3911.000000 6912.000000 14402.000000 -3981.000000 
-9680.000000 -3272.000000 4533.000000 5953.000000 13118.000000 -4643.000000 
-8656.000000 -6343.000000 3872.500000 2671.500000 6688.000000 -3702.000000 
-11500.000000 -5567.000000 4273.500000 1702.500000 5583.000000 -4214.000000 
-9898.000000 -6860.000000 4417.000000 1862.000000 5622.000000 -4295.000000 
-9887.000000 -1343.000000 4816.000000 6699.000000 16633.000000 -4754.000000 
-8849.000000 702.000000 4773.500000 6780.500000 16530.000000 -4755.000000 
-10561.000000 -2515.000000 3879.000000 5127.000000 10465.000000 -3751.000000 
map
5
576
99.720486 35.842014 -121.861111 -220.670139 
47.505208 73.447917 
20
103.050000 25.650000 -104.150000 -323.400000 
35.800000 72.500000 
109
92.477064 12.697248 -58.834862 -174.660550 
32.201835 78.788991 
176
74.340909 18.715909 -137.625000 -120.005682 
51.613636 84.897727 
13
72.538462 18.384615 -84.153846 -77.923077 
49.076923 88.538462 

unit: 15
vectors
18 6
-6679.000000 -377.000000 4317.000000 6120.000000 14001.000000 -4517.000000 
-9249.000000 564.000000 3900.000000 5460.000000 15478.000000 -3928.000000 
-9284.000000 -1034.000000 3630.500000 5427.500000 14333.000000 -3524.000000 
-8201.000000 -1024.000000 3214.500000 5161.500000 14385.000000 -3317.000000 
-8055.000000 -3136.000000 3911.500000 8166.500000 18155.000000 -4234.000000 
-9670.000000 -4469.000000 4174.500000 3465.500000 10297.000000 -4000.000000 
-8995.000000 -1508.000000 4087.000000 3793.000000 10748.000000 -4053.000000 
-11354.000000 -863.000000 3178.500000 6153.500000 19288.000000 -3080.000000 
-10785.000000 2025.000000 3354.000000 6213.000000 19234.000000 -3182.000000 
-8738.000000 -5044.000000 2843.500000 5781.500000 17747.000000 -2984.000000 
-9450.000000 -2652.000000 3474.500000 5851.500000 16216.000000 -3434.000000 
-9616.000000 -2213.000000 3533.500000 3054.500000 8702.000000 -3479.000000 
-10392.000000 -4328.000000 2813.500000 2507.500000 7095.000000 -2809.000000 
-9150.000000 -589.000000 3018.500000 2617.500000 7634.000000 -2957.000000 
-10258.000000 -2086.000000 2764.500000 5658.500000 18336.000000 -2496.000000 
-8271.000000 -3419.000000 3169.500000 4978.500000 13070.000000 -3311.000000 
-7806.000000 904.000000 3170.000000 5212.000000 10641.000000 -3198.000000 
-9507.000000 -6998.000000 2146.000000 6115.000000 15151.000000 -2255.000000 
map
5
102
86.764706 34.794118 -69.911765 -155.882353 
43.754902 86.127451 
41
93.487805 16.853659 -67.195122 -280.512195 
53.951220 83.146341 
278
97.039568 47.992806 -130.183453 -204.917266 
42.561151 91.032374 
53
102.792453 13.603774 -50.754717 -241.566038 
52.528302 84.792453 
2
64.000000 39.000000 -96.500000 -95.500000 
40.000000 77.000000 

unit: 16
vectors
22 6
-8519.000000 -1945.000000 3585.000000 2846.000000 10893.000000 -3472.000000 
-8226.000000 -3774.000000 3540.500000 2913.500000 10904.000000 -3492.000000 
-8218.000000 -5122.000000 3532.000000 2925.000000 10953.000000 -3496.000000 
-8009.000000 -5089.000000 3880.000000 4316.000000 9219.000000 -3970.000000 
-9523.000000 -9681.000000 2875.500000 3868.500000 12138.000000 -2960.000000 
-8842.000000 -8847.000000 3008.500000 3918.500000 12672.000000 -3030.000000 
-8439.000000 -7459.000000 3015.000000 4010.000000 13229.000000 -3026.000000 
-8590.000000 -643.000000 3766.500000 3545.500000 10644.000000 -3750.000000 
-10337.000000 -1689.000000 3158.500000 4960.500000 16315.000000 -3145.000000 
-9975.000000 -4053.000000 3690.000000 2878.000000 7496.000000 -3558.000000 
-9274.000000 -7711.000000 3332.500000 2429.500000 6215.000000 -3306.000000 
-8055.000000 -3136.000000 3911.000000 8166.000000 18156.000000 -4234.000000 
-8263.000000 -4290.000000 2480.500000 5716.500000 13714.000000 -2579.000000 
-8998.000000 -1517.000000 2595.500000 6212.500000 13806.000000 -2631.000000 
-9863.000000 -2361.000000 3851.500000 6476.500000 14571.000000 -3907.000000 
-8847.000000 -2919.000000 2990.000000 6429.000000 18679.000000 -3062.000000 
-8962.000000 -3078.000000 2953.500000 5282.500000 15843.000000 -3113.000000 
-8235.000000 -2459.000000 2797.500000 8054.500000 20304.000000 -2929.000000 
-8474.000000 -5444.000000 3023.500000 5499.500000 16674.000000 -3181.000000 
-9459.000000 -1423.000000 3380.000000 7593.000000 22753.000000 -3425.000000 
-9749.000000 331.000000 3669.500000 7732.500000 24109.000000 -3571.000000 
-8998.000000 -4671.000000 2791.000000 2429.000000 6283.000000 -2984.000000 
map
10
93
107.892473 24.000000 -36.451613 -339.935484 
36.010753 66.301075 
49
112.979592 24.510204 -37.183673 -389.510204 
30.632653 72.061224 
127
65.307087 44.409449 -40.685039 -153.732283 
48.141732 80.818898 
343
90.755102 26.790087 -61.241982 -217.524781 
32.723032 92.478134 
13
95.153846 16.538462 2.538462 -145.846154 
30.615385 100.000000 
79
122.670886 36.354430 -7.632911 -433.822785 
21.544304 66.303797 
97
112.587629 42.989691 4.525773 -304.835052 
46.474227 42.288660 
245
79.167347 42.502041 -105.665306 -227.216327 
54.497959 98.673469 
191
101.026178 3.717277 118.293194 -214.188482 
25.958115 61.366492 
71
94.830986 16.253521 -121.380282 -308.577465 
49.450704 104.126761 

unit: 17
vectors
4 6
-9770.000000 -996.000000 2948.000000 3541.000000 8974.000000 -2903.000000 
-8505.000000 907.000000 3629.500000 3104.500000 8544.000000 -3618.000000 
-7327.000000 978.000000 2392.000000 5861.000000 21991.000000 -2520.000000 
-6342.000000 -878.000000 2501.500000 5867.500000 21860.000000 -2589.000000 
map
3
158
114.544303 35.607595 -138.094937 -309.189874 
29.601266 95.588607 
15
92.933333 39.200000 -65.666667 -341.133333 
40.866667 101.600000 
29
85.689655 33.448276 -57.103448 -275.793103 
42.310345 99.862069 

unit: 18
vectors
15 6
-8683.000000 1087.000000 3369.500000 6495.500000 16053.000000 -3447.000000 
-9567.000000 -335.000000 3713.500000 5186.500000 14333.000000 -3516.000000 
-10118.000000 3395.000000 3708.500000 5226.500000 14229.000000 -3553.000000 
-10990.000000 1154.000000 3760.500000 5257.500000 13401.000000 -3620.000000 
-7984.000000 -2265.000000 2195.500000 4346.500000 14016.000000 -2329.000000 
-9403.000000 4677.000000 2963.500000 5383.500000 17293.000000 -2879.000000 
-8548.000000 -1644.000000 2968.000000 5349.000000 16501.000000 -2914.000000 
-8547.000000 -4557.000000 2956.500000 5303.500000 16547.000000 -2925.000000 
-8401.000000 -6850.000000 2938.500000 5267.500000 16971.000000 -2933.000000 
-8822.000000 -7108.000000 3851.000000 2695.000000 6901.000000 -3733.000000 
-8849.000000 -4212.000000 3812.000000 2775.000000 7186.000000 -3752.000000 
-8405.000000 -9437.000000 3655.000000 3325.000000 8360.000000 -3689.000000 
-8078.000000 -7489.000000 3558.500000 3415.500000 9166.000000 -3688.000000 
-8465.000000 -5387.000000 3513.500000 3490.500000 9338.000000 -3682.000000 
-9777.000000 -2952.000000 2918.000000 6865.000000 16591.000000 -2923.000000 
map
5
43
71.558140 26.837209 -66.232558 -124.116279 
49.790698 102.744186 
43
93.767442 24.697674 -155.325581 -160.744186 
37.604651 99.255814 
23
99.304348 33.304348 -48.565217 -160.000000 
33.608696 84.565217 
67
111.895522 22.731343 -110.567164 -190.014925 
58.552239 96.477612 
6
93.833333 8.000000 26.333333 -158.333333 
12.000000 84.000000 

unit: 19
vectors
14 6
-8418.000000 -4640.000000 3959.000000 2265.000000 5378.000000 -3790.000000 
-8168.000000 2271.000000 3119.000000 4280.000000 10273.000000 -3325.000000 
-10592.000000 -129.000000 2620.000000 3246.000000 10217.000000 -2615.000000 
-9670.000000 892.000000 2765.500000 3254.500000 10119.000000 -2701.000000 
-11033.000000 588.000000 3490.000000 5327.000000 14421.000000 -3415.000000 
-8563.000000 1858.000000 4052.000000 5600.000000 13723.000000 -4148.000000 
-10395.000000 459.000000 4096.000000 2378.000000 6914.000000 -3906.000000 
-10277.000000 -243.000000 3618.500000 4629.500000 10470.000000 -3629.000000 
-9453.000000 -2220.000000 3739.500000 4624.500000 10401.000000 -3709.000000 
-8980.000000 -3078.000000 2952.000000 5284.000000 15844.000000 -3113.000000 
-9819.000000 -1713.000000 4091.000000 5252.000000 14521.000000 -4115.000000 
-10432.000000 -4491.000000 4145.000000 3808.000000 10018.000000 -4043.000000 
-9616.000000 -2213.000000 3533.500000 3054.500000 8702.000000 -3479.000000 
-8271.000000 -3419.000000 3169.000000 4979.000000 13070.000000 -3312.000000 
map
5
274
73.193431 33.266424 -131.368613 -123.562043 
23.091241 101.718978 
69
96.681159 38.434783 -182.681160 -158.043479 
34.318841 105.159420 
238
96.962185 31.882353 -128.815126 -241.432773 
30.184874 89.382353 
40
96.525000 30.450000 -137.825000 -300.000000 
27.275000 85.825000 
216
82.185185 36.842593 -116.763889 -190.819444 
32.791667 90.393519 

unit: 20
vectors
20 6
-11197.000000 -1031.000000 4235.500000 4273.500000 9947.000000 -4092.000000 
-9796.000000 -1967.000000 4356.000000 4267.000000 9873.000000 -4188.000000 
-9267.000000 -3735.000000 4353.500000 4263.500000 9871.000000 -4196.000000 
-8319.000000 -3307.000000 4288.000000 4221.000000 10021.000000 -4245.000000 
-10108.000000 -4735.000000 3741.000000 2911.000000 9740.000000 -3492.000000 
-8538.000000 -3293.000000 4171.500000 5078.500000 10913.000000 -4155.000000 
-8282.000000 -2223.000000 4160.000000 5090.000000 10942.000000 -4156.000000 
-8593.000000 1621.000000 3526.000000 4837.000000 13151.000000 -3451.000000 
-9816.000000 -3000.000000 2810.000000 4069.000000 13070.000000 -2835.000000 
-9713.000000 95.000000 3748.000000 5910.000000 13328.000000 -3584.000000 
-9682.000000 -2410.000000 4273.500000 5505.500000 13953.000000 -4250.000000 
-8219.000000 -757.000000 4213.500000 5435.500000 13967.000000 -4254.000000 
-10066.000000 3768.000000 3271.500000 3913.500000 10450.000000 -3290.000000 
-9616.000000 -2213.000000 3532.000000 3055.000000 8704.000000 -3478.000000 
-9889.000000 -5256.000000 4981.500000 3670.500000 7673.000000 -4942.000000 
-9118.000000 3726.000000 2145.500000 5628.500000 18391.000000 -2209.000000 
-10390.000000 -14.000000 2708.000000 3635.000000 9751.000000 -2627.000000 
-8208.000000 -2182.000000 3272.500000 5075.500000 13053.000000 -3368.000000 
-7707.000000 678.000000 3183.500000 5198.500000 10711.000000 -3197.000000 
-11389.000000 2169.000000 4289.500000 2297.500000 4180.000000 -4166.000000 
map
6
181
96.535912 36.878453 -100.718232 -276.657459 
21.906077 65.193370 
84
96.785714 26.023809 -59.285714 -331.083333 
27.309524 68.857143 
36
79.583333 33.833333 -94.500000 -117.944444 
38.916667 95.250000 
190
78.121052 28.447368 -33.547369 -195.800000 
20.347368 64.426316 
197
93.573604 32.390863 -92.076142 -185.862944 
32.096447 90.974619 
167
93.658683 35.311377 -153.718563 -176.491018 
36.125749 97.137725 

unit: 21
vectors
13 6
-7584.000000 -1102.000000 3190.000000 6162.000000 16072.000000 -3323.000000 
-8085.000000 -297.000000 3199.500000 6504.500000 16035.000000 -3351.000000 
-6671.000000 -5662.000000 2598.000000 2721.000000 9990.000000 -2838.000000 
-7780.000000 -5663.000000 2645.500000 2834.500000 10498.000000 -2859.000000 
-8474.000000 -4868.000000 2632.500000 2872.500000 10617.000000 -2856.000000 
-9052.000000 -2866.000000 2640.000000 2897.000000 10743.000000 -2844.000000 
-9703.000000 -2015.000000 2648.500000 2951.500000 10836.000000 -2816.000000 
-9555.000000 -20.000000 2559.500000 2746.500000 10078.000000 -2505.000000 
-9234.000000 -979.000000 1879.500000 5151.500000 18063.000000 -2030.000000 
-9125.000000 1543.000000 2947.500000 5366.500000 17739.000000 -2874.000000 
-8998.000000 -5561.000000 2200.500000 4463.500000 14695.000000 -2224.000000 
-7010.000000 -3306.000000 2245.500000 3809.500000 11769.000000 -2454.000000 
-7595.000000 -3123.000000 3373.000000 5819.000000 17004.000000 -3507.000000 
map
6
218
89.339449 44.096330 -151.550458 -155.334863 
49.944954 109.013761 
128
62.828125 30.765625 -83.921875 -109.539062 
47.156250 109.937500 
5
59.400000 34.600000 -31.400000 -80.400000 
47.800000 106.400000 
72
117.625000 34.652778 -155.083333 -254.513889 
52.458333 112.291667 
6
90.000000 17.833333 92.833333 -161.000000 
16.000000 76.666667 
2
90.000000 8.000000 -84.000000 -210.500000 
56.500000 104.000000 

unit: 22
vectors
24 6
-7287.000000 -5835.000000 2331.500000 6246.500000 14775.000000 -2508.000000 
-7467.000000 -4186.000000 2439.000000 6282.000000 14766.000000 -2567.000000 
-7301.000000 -2891.000000 2430.500000 6291.500000 14811.000000 -2566.000000 
-7465.000000 -1694.000000 2422.500000 6301.500000 14843.000000 -2557.000000 
-7502.000000 -395.000000 2410.000000 6321.000000 14859.000000 -2550.000000 
-8310.000000 614.000000 2371.000000 6390.000000 14656.000000 -2510.000000 
-8866.000000 1448.000000 2371.000000 6392.000000 14488.000000 -2489.000000 
-9278.000000 -750.000000 2384.000000 6376.000000 14148.000000 -2453.000000 
-9159.000000 -5362.000000 3533.000000 4874.000000 18007.000000 -3450.000000 
-9901.000000 -2061.000000 3518.500000 4881.500000 13355.000000 -3630.000000 
-9998.000000 30.000000 4175.000000 5652.000000 14406.000000 -4166.000000 
-6668.000000 -583.000000 3370.500000 6108.500000 16119.000000 -3639.000000 
-6938.000000 1764.000000 3435.500000 6089.500000 15984.000000 -3684.000000 
-7917.000000 -4496.000000 2723.500000 5940.500000 16639.000000 -3030.000000 
-9234.000000 -979.000000 1878.000000 5153.000000 18063.000000 -2030.000000 
-8136.000000 -2829.000000 2083.500000 5009.500000 17967.000000 -2080.000000 
-9326.000000 1395.000000 3429.000000 5012.000000 14977.000000 -3419.000000 
-7985.000000 -4929.000000 2085.000000 4320.000000 13848.000000 -2291.000000 
-9450.000000 -2652.000000 3475.000000 5852.000000 16216.000000 -3433.000000 
-9118.000000 3726.000000 2141.000000 5632.000000 18391.000000 -2211.000000 
-6645.000000 -3007.000000 3262.000000 5853.000000 16980.000000 -3463.000000 
-9582.000000 -2345.000000 3397.500000 3625.500000 8477.000000 -3548.000000 
-8998.000000 -4671.000000 2789.500000 2430.500000 6283.000000 -2984.000000 
-8203.000000 -257.000000 3229.500000 5216.500000 13053.000000 -3361.000000 
map
8
296
111.476352 35.591216 -147.395270 -295.104730 
53.341216 111.091216 
25
104.600000 31.920000 -88.560000 -351.400000 
54.200000 109.760000 
127
87.960630 11.685039 16.614173 -256.299213 
30.574803 93.661417 
45
92.622222 24.955556 -43.444444 -152.244444 
33.977778 102.466667 
389
93.084833 39.544987 -139.948586 -209.151671 
50.457584 99.784062 
130
82.630769 28.253846 -132.446154 -160.830769 
41.800000 98.892308 
59
124.694915 24.474576 -151.847458 -358.644068 
50.084746 111.796610 
92
89.413043 19.369565 -102.815217 -248.597826 
54.043478 103.282609 

unit: 23
vectors
12 6
-10135.000000 1621.000000 3393.500000 4053.500000 12086.000000 -3401.000000 
-11351.000000 -3383.000000 4495.000000 3082.000000 7694.000000 -4382.000000 
-11298.000000 250.000000 3963.000000 2388.000000 7157.000000 -3800.000000 
-10872.000000 -610.000000 3580.500000 6014.500000 14055.000000 -3397.000000 
-10277.000000 -243.000000 3618.000000 4629.000000 10469.000000 -3631.000000 
-9963.000000 -87.000000 3575.500000 5347.500000 12321.000000 -3532.000000 
-8980.000000 -3078.000000 2953.000000 5283.000000 15843.000000 -3112.000000 
-8518.000000 -3334.000000 3580.500000 2987.500000 8443.000000 -3530.000000 
-8287.000000 -89.000000 3650.000000 3080.000000 8544.000000 -3615.000000 
-9234.000000 -979.000000 1877.500000 5153.500000 18063.000000 -2031.000000 
-10515.000000 344.000000 4344.500000 6442.500000 16778.000000 -4354.000000 
-10393.000000 -4329.000000 2814.000000 2508.000000 7088.000000 -2806.000000 
map
5
523
76.856597 35.703633 -151.346081 -194.066922 
33.751434 92.678776 
264
72.159091 40.659091 -131.204545 -143.617424 
34.446970 87.731061 
228
104.254386 55.802632 -135.635965 -249.574561 
43.026316 93.214912 
84
108.928571 55.011905 -145.488095 -321.285714 
41.642857 94.083333 
49
106.591837 23.693878 -86.836735 -198.102041 
51.673469 46.000000 

unit: 24
vectors
4 6
-11680.000000 1439.000000 4291.000000 9507.000000 24211.000000 -4201.000000 
-10342.000000 -2274.000000 3566.500000 9382.500000 25972.000000 -3545.000000 
-9982.000000 -2824.000000 3411.000000 7226.000000 20528.000000 -3556.000000 
-10443.000000 -3074.000000 4428.500000 8125.500000 21733.000000 -4396.000000 
map
4
194
46.639175 29.546392 -11.355670 -150.288660 
35.056701 64.180412 
201
79.407960 39.800995 29.716418 -177.955224 
31.243781 64.273632 
9
83.000000 33.444444 87.444444 -120.666667 
30.333333 65.000000 
1
87.000000 71.000000 -28.000000 -150.000000 
34.000000 68.000000 

unit: 25
vectors
1 6
-10342.000000 -2274.000000 3566.500000 9382.500000 25971.000000 -3547.000000 
map
2
20
76.600000 15.600000 7.500000 -207.700000 
39.000000 71.950000 
6
78.500000 54.333333 -34.833333 -152.166667 
76.333333 74.666667 

unit: 26
vectors
5 6
-11337.000000 -556.000000 4572.000000 9109.000000 21938.000000 -4512.000000 
-10275.000000 -3005.000000 4686.500000 9105.500000 21794.000000 -4606.000000 
-9859.000000 -5529.000000 4687.000000 9106.000000 21798.000000 -4610.000000 
-10069.000000 -7767.000000 4682.500000 9109.500000 21966.000000 -4614.000000 
-9820.000000 -6980.000000 4403.000000 1898.000000 5681.000000 -4298.000000 
map
4
251
94.533865 60.059761 -29.466135 -190.386454 
29.848606 53.023904 
14
94.642857 54.785714 35.071429 -127.785714 
25.000000 54.428571 
114
89.631579 74.763158 -92.447368 -219.280702 
37.552632 65.815789 
201
72.761194 23.895522 46.517413 -183.174129 
48.661692 50.253731 

unit: 27
vectors
6 6
-11428.000000 12.000000 5075.000000 9280.000000 19863.000000 -5071.000000 
-10483.000000 -2462.000000 5178.000000 9301.000000 19688.000000 -5150.000000 
-10586.000000 -4548.000000 5166.000000 9321.000000 19697.000000 -5151.000000 
-10223.000000 -1905.000000 5171.500000 8494.500000 17963.000000 -5136.000000 
-8571.000000 67.000000 5117.000000 8606.000000 17946.000000 -5137.000000 
-11337.000000 -8473.000000 4056.500000 8455.500000 25763.000000 -3923.000000 
map
2
89
65.696629 47.123596 -12.651685 -242.494382 
19.629213 49.112360 
201
79.412935 61.213930 -80.368159 -207.014925 
75.751244 73.184080 

unit: 28
vectors
3 6
-11303.000000 -4808.000000 5067.000000 8391.000000 17974.000000 -5059.000000 
-10374.000000 -2993.000000 5170.500000 8459.500000 17962.000000 -5136.000000 
-11337.000000 -8473.000000 4056.000000 8456.000000 25763.000000 -3925.000000 
map
1
137
80.459854 64.503650 -115.810219 -214.613139 
72.459854 69.029197 

unit: 29
vectors
1 6
-6469.000000 -1354.000000 2222.000000 3876.000000 11913.000000 -2429.000000 
map
1
7
87.714286 52.428571 -120.428571 -161.714286 
59.000000 114.285714 

unit: 30
vectors
1 6
-8793.000000 -2160.000000 2274.500000 5858.500000 20363.000000 -2117.000000 
map
1
69
88.753623 26.521739 91.884058 -346.942029 
16.289855 75.391304 

unit: 31
vectors
4 6
-9845.000000 607.000000 3499.000000 7576.000000 22323.000000 -3499.000000 
-9179.000000 -1339.000000 3515.000000 7559.000000 22167.000000 -3499.000000 
-9933.000000 3124.000000 3676.500000 7742.500000 23985.000000 -3586.000000 
-10565.000000 5597.000000 3688.000000 7778.000000 23675.000000 -3589.000000 
map
2
6
110.333333 43.333333 17.666667 -286.000000 
57.166667 37.000000 
18
107.888889 1.833333 156.166667 -164.277778 
26.000000 59.777778 

unit: 32
vectors
1 6
-9507.000000 -6998.000000 2145.000000 6114.000000 15156.000000 -2255.000000 
map
1
44
114.704545 21.636364 -67.931818 -247.272727 
63.227273 74.477273 

