size: 69

unit: 0
gaze
-0.052765 1.237194 
map
6
575
454.925218 264.643479 233.965218 598.678261 
29.558261 86.859130 
2
403.000000 263.500000 302.500000 589.000000 
34.500000 89.500000 
43
460.232558 259.511628 309.418604 668.906976 
22.674419 82.697674 
3
381.666667 262.000000 358.000000 568.333333 
39.000000 90.333333 
5
455.600000 269.000000 186.600000 476.800000 
18.800000 94.800000 
5
437.000000 260.400000 352.600000 658.800000 
26.400000 69.800000 

unit: 1
gaze
-0.002122 1.286071 
map
8
94
442.361703 260.436170 278.457447 642.170212 
21.989362 75.627659 
1617
445.756339 264.091528 228.288188 595.868893 
27.615337 86.128634 
43
387.232558 262.651163 323.255814 575.046512 
34.953488 88.860465 
88
450.147728 259.977273 322.738636 665.704545 
22.215909 79.386363 
17
440.764706 263.823529 155.588235 591.117647 
29.352941 97.352941 
6
456.666667 259.500000 336.666667 732.666667 
22.666667 70.000000 
10
460.400000 264.100000 159.100000 471.900000 
16.400000 94.500000 
3
443.333333 267.333333 229.000000 635.000000 
19.000000 68.000000 

unit: 2
gaze
-0.104950 1.287805 
map
7
572
382.881119 261.517483 323.522727 572.902098 
34.571678 89.159091 
419
418.694511 265.109785 269.379475 582.871122 
34.501193 88.136038 
20
450.950000 265.150000 225.100000 597.750000 
27.600000 90.600000 
10
347.000000 259.200000 380.700000 634.300000 
34.100000 87.900000 
4
371.750000 262.500000 340.250000 514.750000 
36.750000 93.000000 
5
353.200000 248.400000 421.400000 649.000000 
24.000000 84.600000 
12
383.166667 261.250000 309.750000 636.083333 
24.583333 88.750000 

unit: 3
gaze
0.056252 1.240552 
map
9
37
406.945946 263.783784 288.513513 584.891892 
33.837838 91.891892 
653
499.349157 263.019908 186.326187 602.226646 
20.329250 93.444104 
94
477.393617 260.319149 290.234043 683.840426 
17.180851 90.053192 
260
492.250000 261.750000 216.134616 633.903846 
18.557692 84.519231 
27
476.888889 255.851852 329.185185 623.777778 
19.555556 94.592593 
18
459.500000 252.611111 424.000000 660.944444 
18.722222 93.888889 
20
442.150000 247.950000 536.450000 672.000000 
18.150000 93.150000 
4
433.750000 239.500000 611.750000 656.750000 
14.250000 100.500000 
25
447.800000 264.440000 229.960000 594.000000 
27.480000 91.520000 

unit: 4
gaze
0.091723 1.304695 
map
5
343
458.915452 262.574344 209.049563 608.180757 
23.641399 92.988338 
9
400.333333 262.000000 297.444444 575.555556 
31.555555 88.666667 
14
473.285715 260.500000 279.857143 702.785714 
17.142857 72.285714 
107
481.794393 261.757009 189.514019 627.028037 
18.953271 79.598131 
3
421.000000 262.000000 238.333333 579.333333 
25.666667 94.333333 

unit: 5
gaze
0.160297 1.354723 
map
3
19
444.368421 263.263158 209.947369 595.789474 
24.842105 100.684211 
53
495.169811 259.622642 197.264151 666.339623 
13.754717 76.735849 
8
428.875000 266.125000 233.125000 566.000000 
30.875000 89.250000 

unit: 6
gaze
0.228452 1.392877 
map
1
12
448.083333 263.250000 203.666667 592.166667 
24.916667 103.916667 

unit: 7
gaze
-0.151193 1.205921 
map
5
73
439.013698 263.726028 272.068493 604.835616 
34.780822 86.479452 
11
366.363636 262.545455 346.727273 600.454545 
36.727273 90.363636 
3
429.000000 257.333333 366.666667 621.000000 
34.666667 86.000000 
4
410.750000 263.750000 289.750000 637.750000 
34.250000 90.250000 
4
439.500000 258.500000 339.750000 613.000000 
33.000000 90.500000 

unit: 8
gaze
-0.116980 1.386029 
map
7
756
371.109789 261.710317 322.667990 534.149471 
34.924603 86.269841 
14
431.785714 265.857143 222.857143 560.142857 
30.071429 89.857143 
5
351.200000 254.000000 375.600000 608.600000 
40.200000 94.800000 
9
331.888889 258.555556 449.555556 514.444444 
19.111111 101.555556 
10
335.000000 260.400000 360.200000 487.000000 
34.000000 87.000000 
1
415.000000 266.000000 263.000000 586.000000 
28.000000 94.000000 
1
395.000000 258.000000 365.000000 637.000000 
32.000000 73.000000 

unit: 9
gaze
-0.192438 1.378188 
map
4
363
349.148760 261.201102 355.038567 504.798898 
37.294766 82.716254 
9
424.666667 264.888889 240.444444 568.333333 
31.666667 86.111111 
1
387.000000 261.000000 304.000000 581.000000 
35.000000 83.000000 
60
314.766667 259.750000 377.616667 484.633333 
37.100000 93.450000 

unit: 10
gaze
0.069730 1.372253 
map
6
539
438.534323 263.512059 219.302412 594.818182 
24.725417 89.964749 
25
377.320000 261.680000 309.440000 564.000000 
32.120000 92.600000 
145
420.048276 263.213793 238.558621 593.220690 
24.089655 83.841379 
4
498.250000 261.750000 202.000000 633.250000 
19.750000 72.000000 
17
427.117647 261.176471 301.117647 649.235294 
18.764706 81.823529 
3
397.666667 263.000000 267.666667 565.666667 
30.333333 90.666667 

unit: 11
gaze
-0.048060 1.358518 
map
10
477
410.643606 263.691823 262.484277 575.303983 
32.597484 87.995807 
289
377.384083 261.058824 306.487889 570.245675 
32.076125 88.698962 
439
427.963553 265.521640 232.646925 566.751708 
31.981777 87.564920 
63
371.920635 261.809524 322.761905 525.142857 
34.523810 87.412698 
2
462.000000 266.500000 159.000000 455.000000 
19.000000 92.000000 
12
442.666667 263.916667 156.833333 585.083333 
34.500000 95.166667 
11
358.181818 256.636364 445.545455 587.636364 
36.363636 88.727273 
12
363.416667 248.666667 537.916667 574.666667 
37.166667 88.083333 
77
396.350649 262.506494 300.753247 593.116883 
27.246753 87.675325 
15
376.200000 259.933333 333.200000 587.133333 
28.000000 91.600000 

unit: 12
gaze
0.227174 1.279609 
map
1
10
428.300000 264.200000 266.000000 575.500000 
31.800000 91.000000 

unit: 13
gaze
-0.353217 1.383012 
map
1
10
432.700000 264.600000 235.600000 588.000000 
29.800000 88.900000 

unit: 14
gaze
-0.437205 1.409631 
map
1
10
430.600000 264.100000 242.000000 587.800000 
30.900000 85.800000 

unit: 15
gaze
0.125721 1.217550 
map
2
3
416.333333 265.000000 283.333333 591.000000 
35.666667 97.000000 
3
456.666667 264.333333 224.666667 610.333333 
24.333333 78.000000 

unit: 16
gaze
-0.089804 1.167968 
map
2
5
424.600000 265.600000 234.600000 570.800000 
32.400000 90.000000 
1
423.000000 255.000000 383.000000 624.000000 
26.000000 80.000000 

unit: 17
gaze
-0.174702 1.294196 
map
5
274
373.810219 262.518248 346.058394 545.671532 
37.226277 90.277373 
2
405.500000 258.000000 393.500000 572.000000 
39.000000 86.500000 
5
433.800000 265.600000 223.600000 565.200000 
31.600000 92.800000 
5
461.600000 268.600000 176.800000 446.600000 
36.000000 80.600000 
1
414.000000 265.000000 261.000000 582.000000 
34.000000 90.000000 

unit: 18
gaze
0.128806 1.144182 
map
1
2
456.000000 264.000000 227.000000 608.500000 
22.000000 79.000000 

unit: 19
gaze
-0.246285 1.427973 
map
2
4
432.750000 264.750000 224.000000 550.250000 
30.750000 85.000000 
14
339.785714 261.071429 360.928571 499.428571 
36.000000 81.214286 

unit: 20
gaze
-0.557934 1.465939 
map
3
4
436.500000 264.750000 226.250000 591.250000 
25.000000 85.750000 
2
363.500000 262.000000 332.000000 517.500000 
37.500000 84.000000 
1
390.000000 260.000000 312.000000 577.000000 
34.000000 84.000000 

unit: 21
gaze
-0.380241 1.451625 
map
2
3
437.000000 264.333333 227.666667 588.666667 
22.666667 84.333333 
1
364.000000 263.000000 335.000000 517.000000 
37.000000 84.000000 

unit: 22
gaze
-0.613893 1.533356 
map
2
3
363.000000 261.333333 329.333333 514.666667 
38.000000 83.666667 
1
389.000000 262.000000 310.000000 576.000000 
33.000000 85.000000 

unit: 23
gaze
-0.043796 1.396090 
map
3
62
403.790323 263.645161 255.774194 561.403226 
29.064516 87.887097 
4
362.250000 261.000000 322.750000 520.500000 
31.750000 91.750000 
55
392.163636 261.909091 280.781818 568.890909 
32.127273 87.436364 

unit: 24
gaze
-0.010420 1.382468 
map
3
36
377.555556 261.444444 306.305556 562.527778 
32.166667 90.027778 
22
392.090909 261.681818 284.318182 574.863636 
32.318182 93.272727 
5
361.400000 262.000000 323.200000 523.000000 
30.400000 95.000000 

unit: 25
gaze
0.036250 1.401728 
map
2
65
416.523077 264.046154 239.538462 580.646154 
24.815385 91.553846 
4
394.500000 262.250000 277.750000 570.000000 
32.500000 88.750000 

unit: 26
gaze
-0.134725 1.341173 
map
4
317
377.914826 261.583596 324.141956 536.242902 
35.312303 86.630915 
1
428.000000 265.000000 230.000000 574.000000 
33.000000 91.000000 
1
401.000000 264.000000 291.000000 593.000000 
28.000000 88.000000 
3
340.666667 257.333333 457.666667 522.333333 
26.333333 83.333333 

unit: 27
gaze
-0.090879 1.321110 
map
7
4
386.750000 261.000000 320.750000 542.500000 
36.500000 89.750000 
118
384.508475 261.381356 307.016949 578.127119 
34.245763 86.593220 
104
410.519231 264.519231 270.625000 581.644231 
33.769231 88.500000 
23
457.086957 267.739130 173.565217 461.782609 
20.000000 86.347826 
4
381.000000 260.250000 374.250000 652.250000 
26.250000 78.250000 
1
433.000000 257.000000 165.000000 608.000000 
25.000000 95.000000 
4
389.000000 260.250000 331.500000 636.000000 
22.000000 94.000000 

unit: 28
gaze
-0.081211 1.375524 
map
4
34
376.882353 261.411765 318.235294 533.352941 
33.117647 86.823529 
6
415.500000 265.166667 268.166667 583.500000 
32.166667 88.833333 
270
379.670370 261.681481 309.200000 565.918519 
34.062963 86.670370 
8
457.375000 265.875000 176.125000 501.875000 
18.750000 78.250000 

unit: 29
gaze
0.066303 1.280423 
map
3
5
433.800000 264.800000 240.600000 587.600000 
30.000000 91.600000 
2
489.500000 262.000000 184.000000 616.000000 
20.000000 79.000000 
3
410.666667 265.666667 276.333333 586.666667 
34.000000 88.000000 

unit: 30
gaze
-0.315928 1.412615 
map
1
1
387.000000 261.000000 308.000000 578.000000 
34.000000 84.000000 

unit: 31
gaze
-0.479003 1.455836 
map
1
1
389.000000 261.000000 311.000000 577.000000 
34.000000 84.000000 

unit: 32
gaze
-0.589497 1.501706 
map
1
1
388.000000 262.000000 312.000000 578.000000 
33.000000 85.000000 

unit: 33
gaze
-0.554027 1.507053 
map
1
3
387.000000 262.000000 306.333333 579.333333 
33.000000 84.333333 

unit: 34
gaze
-0.590517 1.571444 
map
1
1
388.000000 261.000000 309.000000 577.000000 
27.000000 92.000000 

unit: 35
gaze
0.045824 1.310170 
map
5
9
487.666667 262.222222 181.111111 619.333333 
19.333333 79.000000 
153
462.176471 262.686275 211.810458 608.039216 
25.267974 79.810458 
65
430.353846 264.553846 235.969231 590.553846 
28.184615 82.969231 
3
425.333333 260.333333 339.333333 641.333333 
28.333333 72.666667 
3
462.666667 260.666667 313.666667 687.000000 
19.333333 68.666667 

unit: 36
gaze
-0.050219 1.277722 
map
3
1
411.000000 265.000000 277.000000 585.000000 
36.000000 88.000000 
7
440.714286 259.857143 347.714286 702.428571 
18.571429 70.857143 
7
437.571429 259.714286 295.714286 677.857143 
17.428571 71.714286 

unit: 37
gaze
-0.033352 1.311374 
map
8
85
424.447059 264.305882 252.235294 582.647059 
34.141176 84.552941 
2
429.500000 266.500000 231.000000 571.500000 
35.000000 88.000000 
6
412.666667 259.333333 320.333333 628.166667 
28.000000 70.000000 
8
383.500000 262.000000 322.875000 559.750000 
35.625000 89.000000 
15
459.000000 264.133333 157.866667 503.400000 
23.800000 93.200000 
10
460.300000 267.600000 171.900000 448.200000 
20.100000 86.800000 
11
443.454545 264.090909 156.818182 584.181818 
31.363636 97.272727 
10
408.900000 260.600000 350.600000 671.700000 
36.400000 89.700000 

unit: 38
gaze
0.128488 1.330869 
map
1
6
430.500000 265.833333 235.333333 566.666667 
32.500000 88.333333 

unit: 39
gaze
0.103690 1.381112 
map
2
9
440.777778 263.333333 209.777778 598.111111 
24.222222 85.666667 
3
428.000000 265.666667 231.000000 567.666667 
29.333333 89.333333 

unit: 40
gaze
0.038447 1.347401 
map
4
136
418.169118 264.000000 243.029412 583.125000 
26.698529 91.051471 
5
474.800000 263.800000 199.600000 606.200000 
21.800000 78.000000 
17
386.000000 261.764706 301.470588 568.176471 
33.058824 87.294118 
5
447.400000 260.000000 329.600000 720.200000 
15.600000 81.400000 

unit: 41
gaze
0.094887 1.344171 
map
2
5
435.400000 263.200000 221.600000 587.400000 
25.200000 88.600000 
10
466.800000 260.800000 202.700000 622.000000 
20.500000 89.200000 

unit: 42
gaze
-0.227946 1.362755 
map
2
58
340.137931 260.913793 376.706897 485.068966 
37.465517 84.758621 
1
429.000000 265.000000 229.000000 576.000000 
34.000000 92.000000 

unit: 43
gaze
-0.219385 1.308764 
map
1
1
429.000000 265.000000 230.000000 573.000000 
33.000000 91.000000 

unit: 44
gaze
-0.285252 1.315782 
map
2
1
430.000000 264.000000 231.000000 570.000000 
33.000000 91.000000 
1
411.000000 264.000000 266.000000 578.000000 
35.000000 90.000000 

unit: 45
gaze
-0.330868 1.343924 
map
1
4
421.750000 264.500000 250.000000 574.000000 
33.500000 91.250000 

unit: 46
gaze
-0.265147 1.356312 
map
2
1
429.000000 265.000000 230.000000 574.000000 
34.000000 93.000000 
1
400.000000 263.000000 295.000000 588.000000 
28.000000 87.000000 

unit: 47
gaze
-0.170145 1.245101 
map
2
2
425.500000 260.000000 308.500000 616.000000 
32.000000 83.000000 
3
368.333333 262.333333 344.000000 556.000000 
36.666667 95.333333 

unit: 48
gaze
-0.009990 1.251466 
map
9
8
447.625000 260.000000 330.500000 689.750000 
22.750000 83.250000 
86
461.337209 263.081395 227.720930 608.104651 
26.674419 81.511628 
3
459.333333 269.333333 195.000000 460.000000 
15.000000 104.000000 
3
460.000000 268.000000 155.666667 456.666667 
21.333333 102.666667 
1
409.000000 261.000000 321.000000 608.000000 
27.000000 83.000000 
1
346.000000 259.000000 333.000000 630.000000 
22.000000 81.000000 
4
383.500000 259.500000 291.750000 644.000000 
22.000000 86.000000 
3
435.333333 264.000000 156.333333 606.666667 
29.000000 101.000000 
3
430.000000 257.333333 427.333333 654.333333 
14.000000 74.333333 

unit: 49
gaze
-0.227412 1.272688 
map
1
1
464.000000 265.000000 222.000000 602.000000 
28.000000 84.000000 

unit: 50
gaze
-0.357698 1.284630 
map
2
1
465.000000 262.000000 222.000000 601.000000 
27.000000 86.000000 
1
415.000000 264.000000 266.000000 575.000000 
35.000000 89.000000 

unit: 51
gaze
-0.620620 1.328449 
map
1
1
467.000000 263.000000 225.000000 601.000000 
27.000000 86.000000 

unit: 52
gaze
-0.680215 1.355018 
map
1
2
464.500000 263.000000 225.500000 600.000000 
27.000000 86.000000 

unit: 53
gaze
-0.708745 1.401733 
map
1
2
462.500000 265.000000 217.500000 604.500000 
27.000000 86.000000 

unit: 54
gaze
-0.692366 1.437018 
map
1
2
463.500000 264.000000 219.500000 603.500000 
26.500000 85.000000 

unit: 55
gaze
-0.670092 1.467031 
map
1
2
465.500000 263.000000 224.500000 600.000000 
23.500000 85.000000 

unit: 56
gaze
-0.362842 1.327566 
map
1
4
410.000000 263.750000 274.250000 580.250000 
32.750000 89.250000 

unit: 57
gaze
-0.412507 1.351557 
map
1
2
413.000000 264.500000 260.500000 581.500000 
32.000000 90.500000 

unit: 58
gaze
-0.136806 1.305328 
map
3
53
380.679245 262.490566 328.207547 555.962264 
37.547170 88.018868 
11
350.090909 261.272727 378.454545 640.636364 
40.181818 83.454545 
2
374.000000 267.500000 342.000000 656.500000 
40.500000 84.000000 

unit: 59
gaze
-0.126551 1.256660 
map
3
8
444.750000 265.500000 241.125000 592.625000 
33.250000 84.125000 
4
460.750000 268.000000 168.500000 458.750000 
27.000000 91.250000 
1
406.000000 266.000000 278.000000 636.000000 
28.000000 79.000000 

unit: 60
gaze
-0.082074 1.257327 
map
8
13
445.538462 260.769231 264.461538 601.307692 
29.923077 88.615385 
2
454.500000 260.000000 386.500000 724.000000 
25.500000 72.500000 
5
429.400000 259.600000 325.600000 618.200000 
27.600000 85.200000 
24
339.875000 261.250000 360.541667 589.625000 
29.958333 91.833333 
6
372.000000 261.666667 335.000000 595.333333 
30.833333 92.833333 
3
461.666667 268.000000 169.000000 449.666667 
18.000000 87.333333 
9
439.444444 263.777778 158.222222 605.777778 
36.000000 100.444444 
4
399.250000 260.000000 365.500000 669.750000 
47.250000 81.500000 

unit: 61
gaze
-0.004197 1.335054 
map
2
12
386.500000 261.750000 307.000000 573.750000 
34.166667 86.666667 
7
339.142857 260.142857 338.000000 589.285714 
22.142857 95.000000 

unit: 62
gaze
-0.462943 1.340806 
map
1
2
403.500000 262.000000 299.000000 585.500000 
28.000000 88.000000 

unit: 63
gaze
-0.500612 1.348418 
map
1
1
403.000000 263.000000 299.000000 585.000000 
28.000000 89.000000 

unit: 64
gaze
-0.565043 1.370400 
map
1
2
401.500000 265.000000 295.500000 592.000000 
28.000000 89.000000 

unit: 65
gaze
-0.591715 1.399574 
map
1
2
400.500000 264.000000 293.500000 592.500000 
28.000000 89.500000 

unit: 66
gaze
-0.564553 1.423096 
map
1
1
401.000000 264.000000 295.000000 590.000000 
30.000000 88.000000 

unit: 67
gaze
-0.289252 1.246519 
map
1
1
384.000000 258.000000 428.000000 571.000000 
27.000000 81.000000 

unit: 68
gaze
-0.117151 1.218605 
map
3
6
457.500000 259.333333 353.333333 726.000000 
30.833333 73.000000 
11
457.363636 259.727273 299.181818 694.909091 
28.363636 74.272727 
2
443.500000 263.500000 240.500000 603.500000 
32.000000 75.500000 

