size: 24

unit: 0
vectors
61 6
-8858.000000 -4872.000000 3624.500000 5279.500000 14069.000000 -3822.000000 
-8950.000000 -3659.000000 3731.000000 5329.000000 14053.000000 -3869.000000 
-8691.000000 -1782.000000 3738.000000 5342.000000 14058.000000 -3883.000000 
-8523.000000 284.000000 3712.500000 5393.500000 14066.000000 -3875.000000 
-8214.000000 1501.000000 3714.000000 5424.000000 14063.000000 -3861.000000 
-7886.000000 2949.000000 3693.000000 5462.000000 14011.000000 -3858.000000 
-8639.000000 -419.000000 3595.500000 5528.500000 13178.000000 -3780.000000 
-9388.000000 -1143.000000 3542.000000 5451.000000 13137.000000 -3716.000000 
-9097.000000 582.000000 3371.500000 5102.500000 12654.000000 -3324.000000 
-9490.000000 1769.000000 3364.000000 5118.000000 12618.000000 -3327.000000 
-9970.000000 3842.000000 3363.500000 5133.500000 12514.000000 -3327.000000 
-8759.000000 -4281.000000 2678.500000 4778.500000 13596.000000 -2716.000000 
-8999.000000 -2403.000000 2794.500000 4790.500000 13582.000000 -2791.000000 
-9015.000000 -884.000000 2795.500000 4791.500000 13586.000000 -2789.000000 
-8854.000000 134.000000 2801.000000 4797.000000 13578.000000 -2789.000000 
-8473.000000 1468.000000 2806.000000 4802.000000 13402.000000 -2789.000000 
-9104.000000 2326.000000 2805.500000 4802.500000 13200.000000 -2789.000000 
-9741.000000 3112.000000 2805.500000 4802.500000 13122.000000 -2789.000000 
-10203.000000 -2812.000000 2999.000000 3874.000000 11024.000000 -2996.000000 
-8947.000000 -2515.000000 3146.500000 3934.500000 11028.000000 -3081.000000 
-8061.000000 -1892.000000 3121.000000 4014.000000 11175.000000 -3085.000000 
-9262.000000 -2939.000000 2699.000000 5385.000000 15882.000000 -2676.000000 
-10085.000000 1432.000000 2874.500000 5451.500000 15640.000000 -2786.000000 
-9256.000000 -1437.000000 3610.500000 4366.500000 11276.000000 -3697.000000 
-9463.000000 -3325.000000 3714.500000 4391.500000 11245.000000 -3761.000000 
-9444.000000 -5272.000000 3714.500000 4392.500000 11237.000000 -3765.000000 
-9800.000000 -429.000000 3544.000000 4552.000000 11371.000000 -3535.000000 
-10255.000000 -997.000000 3735.000000 4093.000000 10307.000000 -3640.000000 
-9713.000000 -2322.000000 3627.000000 4421.000000 11996.000000 -3588.000000 
-8938.000000 -3049.000000 3720.500000 5434.500000 13017.000000 -3808.000000 
-7922.000000 -2007.000000 3813.000000 5483.000000 13004.000000 -3875.000000 
-7134.000000 -484.000000 3785.000000 5511.000000 13006.000000 -3873.000000 
-9093.000000 -3385.000000 3273.500000 4935.500000 15053.000000 -3111.000000 
-9195.000000 -2239.000000 3264.000000 4971.000000 15114.000000 -3115.000000 
-9313.000000 -1038.000000 3269.000000 5032.000000 15127.000000 -3140.000000 
-10320.000000 -3450.000000 3484.500000 2680.500000 10807.000000 -3328.000000 
-9215.000000 -3062.000000 3614.000000 2731.000000 10803.000000 -3441.000000 
-8977.000000 -3785.000000 4525.000000 3344.000000 9353.000000 -4412.000000 
-8897.000000 -2695.000000 4503.500000 3351.500000 9404.000000 -4424.000000 
-10469.000000 -2924.000000 4175.500000 6619.500000 14154.000000 -4136.000000 
-7980.000000 -2325.000000 3476.000000 6652.000000 17267.000000 -3497.000000 
-7896.000000 367.000000 3467.500000 6659.500000 17267.000000 -3491.000000 
-8209.000000 2253.000000 3438.500000 6679.500000 17170.000000 -3490.000000 
-8966.000000 3173.000000 3401.000000 6674.000000 16795.000000 -3486.000000 
-9165.000000 2125.000000 3365.500000 6539.500000 16118.000000 -3454.000000 
-10028.000000 -5105.000000 3202.000000 2445.000000 8853.000000 -3033.000000 
-9504.000000 -2483.000000 3353.500000 2547.500000 8974.000000 -3146.000000 
-8959.000000 -994.000000 3355.000000 2610.000000 9000.000000 -3178.000000 
-9676.000000 -4696.000000 3831.500000 3809.500000 9088.000000 -3906.000000 
-8506.000000 -5988.000000 3925.500000 4066.500000 9070.000000 -3975.000000 
-10211.000000 -2536.000000 3810.500000 5260.500000 15535.000000 -3861.000000 
-9097.000000 -2195.000000 3929.000000 5380.000000 15477.000000 -3928.000000 
-10671.000000 -2013.000000 3283.000000 5615.000000 16628.000000 -3116.000000 
-9632.000000 4542.000000 3430.500000 5643.500000 16247.000000 -3263.000000 
-9169.000000 3838.000000 3431.000000 5644.000000 15545.000000 -3304.000000 
-8854.000000 2717.000000 3431.500000 5636.500000 15369.000000 -3311.000000 
-8266.000000 -575.000000 3422.500000 5572.500000 15189.000000 -3329.000000 
-9128.000000 -4684.000000 4071.500000 3879.500000 10079.000000 -3926.000000 
-11056.000000 -4644.000000 3499.000000 5023.000000 14277.000000 -3306.000000 
-11079.000000 -4907.000000 3593.500000 2810.500000 9693.000000 -3376.000000 
-9463.000000 -3994.000000 4199.000000 5043.000000 10794.000000 -4151.000000 
map
8
925
93.337297 31.692973 -114.765405 -236.080000 
45.451892 85.696216 
780
96.671795 30.260256 -116.687179 -297.414103 
45.075641 84.905128 
59
82.118644 30.050847 -61.237288 -140.406780 
51.084746 93.745763 
150
72.866667 29.120000 -122.860000 -135.933333 
48.173333 95.246667 
18
93.500000 26.888889 -51.333333 -329.722222 
50.555556 91.000000 
181
75.696133 38.563536 -143.961326 -174.198895 
49.171271 96.055249 
12
67.250000 22.666667 -111.666667 -84.833333 
42.666667 87.750000 
8
63.875000 33.500000 -35.375000 -81.500000 
21.500000 93.250000 

unit: 1
vectors
9 6
-7648.000000 4283.000000 3671.500000 5499.500000 13885.000000 -3853.000000 
-9415.000000 -1955.000000 2823.500000 5401.500000 15847.000000 -2763.000000 
-9419.000000 -701.000000 2829.500000 5407.500000 15848.000000 -2762.000000 
-9858.000000 438.000000 2856.000000 5434.000000 15795.000000 -2770.000000 
-9023.000000 -7710.000000 3154.500000 4750.500000 14558.000000 -2956.000000 
-9191.000000 -6711.000000 3263.000000 4792.000000 14555.000000 -3012.000000 
-9221.000000 -5503.000000 3268.000000 4797.000000 14602.000000 -3072.000000 
-9052.000000 -4482.000000 3267.000000 4819.000000 14755.000000 -3074.000000 
-8338.000000 -3272.000000 3280.000000 4974.000000 14258.000000 -3341.000000 
map
3
124
82.943548 31.556452 -113.032258 -182.112903 
61.322581 97.008065 
5
80.400000 28.600000 -46.400000 -127.600000 
57.400000 100.400000 
120
98.758333 30.016667 -109.183333 -288.258333 
54.866667 89.758333 

unit: 2
vectors
4 6
-10151.000000 -2445.000000 3248.500000 4925.500000 12825.000000 -3242.000000 
-9042.000000 -1788.000000 3385.000000 4989.000000 12776.000000 -3323.000000 
-8917.000000 -3312.000000 3367.000000 6637.000000 17324.000000 -3418.000000 
-9870.000000 -858.000000 3587.000000 4584.000000 13109.000000 -3460.000000 
map
3
245
78.648980 33.644898 -129.183673 -186.126531 
49.608163 97.375510 
3
90.000000 26.333333 -58.666667 -315.333333 
59.000000 79.333333 
3
82.333333 31.666667 -60.666667 -145.000000 
46.000000 92.000000 

unit: 3
vectors
2 6
-10405.000000 -1196.000000 4144.000000 2534.000000 5848.000000 -4072.000000 
-11185.000000 -1619.000000 3963.500000 3533.500000 9166.000000 -3774.000000 
map
3
44
115.409091 33.113636 -130.227273 -324.159091 
17.750000 82.204545 
53
104.603774 35.660377 -137.188679 -261.622642 
28.867925 76.509434 
62
102.241935 36.016129 -131.112903 -216.693548 
36.306452 74.887097 

unit: 4
vectors
30 6
-9469.000000 -6580.000000 3715.500000 4396.500000 11259.000000 -3763.000000 
-9475.000000 -8844.000000 3711.500000 4412.500000 11511.000000 -3761.000000 
-9445.000000 -9319.000000 3696.500000 4527.500000 12399.000000 -3754.000000 
-9760.000000 -7338.000000 3695.000000 4649.000000 12893.000000 -3747.000000 
-9664.000000 -975.000000 3722.000000 6389.000000 15965.000000 -3639.000000 
-8522.000000 -789.000000 3828.000000 6404.000000 15862.000000 -3734.000000 
-7980.000000 796.000000 3715.000000 6432.000000 15534.000000 -3751.000000 
-8731.000000 1248.000000 3579.000000 6345.000000 15062.000000 -3725.000000 
-10854.000000 -1717.000000 4246.000000 2734.000000 8258.000000 -4181.000000 
-8457.000000 1746.000000 4307.000000 2632.000000 8024.000000 -4294.000000 
-7974.000000 378.000000 4252.000000 2577.000000 7693.000000 -4297.000000 
-7373.000000 -1233.000000 4208.500000 2533.500000 7511.000000 -4297.000000 
-11335.000000 -1857.000000 4263.000000 4464.000000 11186.000000 -4160.000000 
-8427.000000 -401.000000 4360.500000 4495.500000 11145.000000 -4289.000000 
-7317.000000 -63.000000 4217.000000 4510.000000 10873.000000 -4301.000000 
-6627.000000 -1050.000000 4126.500000 4509.500000 10748.000000 -4300.000000 
-9922.000000 -6658.000000 3557.500000 4278.500000 12288.000000 -3405.000000 
-9804.000000 -4963.000000 3579.000000 4491.000000 12942.000000 -3452.000000 
-8839.000000 -4981.000000 4464.500000 3631.500000 9140.000000 -4546.000000 
-10532.000000 -3647.000000 3005.000000 1655.000000 7177.000000 -2966.000000 
-8856.000000 -1975.000000 3142.500000 1667.500000 7314.000000 -3065.000000 
-9055.000000 -851.000000 3142.500000 1667.500000 7370.000000 -3067.000000 
-8013.000000 -2639.000000 3835.000000 3532.000000 10619.000000 -3732.000000 
-7824.000000 -998.000000 3946.000000 4160.000000 10413.000000 -3963.000000 
-11460.000000 754.000000 3113.500000 2768.500000 8053.000000 -2910.000000 
-10987.000000 -655.000000 3257.500000 2795.500000 7939.000000 -3017.000000 
-10732.000000 -2966.000000 3700.500000 3041.500000 8120.000000 -3499.000000 
-8900.000000 -1077.000000 2578.500000 2753.500000 9985.000000 -2510.000000 
-9494.000000 -3921.000000 3829.000000 4644.000000 12945.000000 -3771.000000 
-11358.000000 -7755.000000 3570.000000 4193.000000 10191.000000 -3319.000000 
map
5
831
81.802647 33.960289 -129.010830 -194.330927 
43.128761 87.929001 
66
77.439394 32.590909 -70.772727 -131.606061 
38.409091 89.969697 
189
89.714286 29.978836 -105.952381 -277.507937 
59.365079 78.968254 
5
96.000000 30.400000 -137.000000 -108.600000 
47.800000 107.000000 
20
89.250000 27.850000 -77.500000 -211.400000 
46.850000 78.450000 

unit: 5
vectors
14 6
-9955.000000 -1219.000000 3923.500000 4211.500000 9276.000000 -3885.000000 
-9013.000000 -280.000000 4031.500000 4215.500000 9207.000000 -3977.000000 
-11215.000000 -2908.000000 3830.000000 2188.000000 5287.000000 -3629.000000 
-10221.000000 -2819.000000 3956.500000 2226.500000 5294.000000 -3737.000000 
-9261.000000 -3959.000000 3967.500000 2239.500000 5329.000000 -3767.000000 
-9469.000000 -1762.000000 4258.000000 5738.000000 11100.000000 -4348.000000 
-10512.000000 -3598.000000 4012.500000 3944.500000 10744.000000 -4008.000000 
-8786.000000 -3452.000000 3848.000000 3543.000000 10552.000000 -3697.000000 
-9091.000000 -1830.000000 3303.500000 2824.500000 7873.000000 -3083.000000 
-8983.000000 -496.000000 3304.000000 2828.000000 7862.000000 -3155.000000 
-9322.000000 -3018.000000 3849.500000 3136.500000 8112.000000 -3614.000000 
-7522.000000 189.000000 3243.000000 2835.000000 8113.000000 -3181.000000 
-7603.000000 1729.000000 3224.000000 2854.000000 8104.000000 -3184.000000 
-10486.000000 -3947.000000 4096.000000 4998.000000 10768.000000 -4063.000000 
map
4
453
77.871965 36.278146 -145.388521 -180.717439 
35.516556 90.644592 
21
76.619048 31.047619 -65.047619 -241.714286 
17.857143 84.095238 
47
75.468085 30.936170 -86.085106 -158.042553 
29.553191 96.425532 
1
70.000000 34.000000 -35.000000 -122.000000 
28.000000 104.000000 

unit: 6
vectors
3 6
-9200.000000 -10297.000000 3243.000000 5407.000000 16212.000000 -3277.000000 
-9408.000000 -8419.000000 3354.500000 5492.500000 16756.000000 -3354.000000 
-9406.000000 -7133.000000 3362.500000 5522.500000 16919.000000 -3350.000000 
map
2
79
89.708861 31.481013 -106.405063 -255.291139 
77.227848 90.227848 
44
94.272727 31.113636 -111.613636 -309.477273 
80.000000 90.772727 

unit: 7
vectors
8 6
-9657.000000 -5101.000000 3362.500000 5560.500000 17034.000000 -3351.000000 
-9840.000000 -3329.000000 3361.500000 5602.500000 17118.000000 -3351.000000 
-10084.000000 -1418.000000 3366.000000 5640.000000 17233.000000 -3351.000000 
-10201.000000 163.000000 3381.500000 5673.500000 17253.000000 -3351.000000 
-10202.000000 1179.000000 3388.500000 5699.500000 17252.000000 -3352.000000 
-9521.000000 -878.000000 3416.000000 5629.000000 16545.000000 -3223.000000 
-9405.000000 793.000000 3423.500000 5636.500000 16461.000000 -3233.000000 
-9572.000000 2850.000000 3426.000000 5639.000000 16376.000000 -3257.000000 
map
2
6
91.000000 27.500000 -61.333333 -175.666667 
75.333333 90.666667 
5
73.000000 35.000000 -149.800000 -164.400000 
47.000000 97.000000 

unit: 8
vectors
11 6
-8389.000000 -2800.000000 3658.500000 4512.500000 11239.000000 -3620.000000 
-8190.000000 -1364.000000 3729.000000 4481.000000 11950.000000 -3672.000000 
-8185.000000 -167.000000 3667.500000 4554.500000 11930.000000 -3679.000000 
-8752.000000 -1421.000000 3809.000000 6672.000000 12499.000000 -4100.000000 
-8117.000000 -2191.000000 3910.500000 6693.500000 12426.000000 -4149.000000 
-7116.000000 -1336.000000 3860.500000 6723.500000 12441.000000 -4112.000000 
-8941.000000 -6037.000000 4121.500000 4145.500000 11665.000000 -4154.000000 
-8682.000000 -4552.000000 4090.500000 4176.500000 11834.000000 -4152.000000 
-11216.000000 -2573.000000 3773.000000 2327.000000 8466.000000 -3627.000000 
-8064.000000 -870.000000 3560.000000 2992.000000 8328.000000 -3694.000000 
-7154.000000 -1898.000000 3536.000000 2971.000000 8304.000000 -3678.000000 
map
6
59
92.423729 25.559322 -73.593220 -187.983051 
33.593220 82.033898 
4
66.750000 30.750000 -84.250000 -73.250000 
38.000000 86.000000 
101
95.603960 31.693069 -100.346535 -240.574257 
36.980198 78.069307 
21
97.047619 27.714286 -89.904762 -320.952381 
29.238095 77.714286 
67
100.835821 36.373134 -128.895522 -280.835821 
44.134328 77.686567 
4
76.250000 27.500000 -66.000000 -138.250000 
32.250000 94.750000 

unit: 9
vectors
13 6
-11513.000000 141.000000 3327.500000 3922.500000 9504.000000 -3159.000000 
-10254.000000 -424.000000 3472.000000 3917.000000 9409.000000 -3267.000000 
-9372.000000 -1396.000000 3485.000000 3905.000000 9360.000000 -3276.000000 
-8824.000000 -2370.000000 3490.000000 3902.000000 9357.000000 -3305.000000 
-8373.000000 -3340.000000 3492.500000 3898.500000 9404.000000 -3317.000000 
-8479.000000 -4484.000000 3492.000000 3898.000000 9441.000000 -3334.000000 
-11448.000000 -1195.000000 3415.000000 3250.000000 9913.000000 -3135.000000 
-10020.000000 -1856.000000 3559.000000 3233.000000 9896.000000 -3264.000000 
-9323.000000 -764.000000 3579.000000 3213.000000 9898.000000 -3333.000000 
-8662.000000 -2024.000000 3801.000000 4547.000000 9329.000000 -3940.000000 
-8221.000000 2013.000000 3750.500000 4661.500000 9317.000000 -3905.000000 
-6518.000000 -142.000000 3778.000000 6722.000000 12430.000000 -4065.000000 
-8690.000000 -3120.000000 4071.000000 4195.000000 11907.000000 -4151.000000 
map
5
176
96.732955 32.386364 -118.943182 -235.568182 
31.715909 79.994318 
173
102.421965 30.867052 -115.884393 -298.485549 
29.566474 84.404624 
58
107.275862 28.482759 -104.431034 -345.534483 
26.051724 86.103448 
13
95.923077 26.000000 -57.153846 -174.384615 
35.538462 81.538462 
8
81.500000 17.500000 -34.750000 -325.875000 
43.000000 81.625000 

unit: 10
vectors
19 6
-11049.000000 -1563.000000 3607.000000 4397.000000 11178.000000 -3372.000000 
-9775.000000 -3284.000000 4365.000000 2708.000000 8166.000000 -4275.000000 
-9158.000000 -1105.000000 4338.500000 2664.500000 8167.000000 -4284.000000 
-9096.000000 803.000000 4326.000000 2651.000000 8157.000000 -4291.000000 
-11253.000000 -697.000000 4398.000000 3309.000000 9635.000000 -4282.000000 
-10354.000000 -1310.000000 4521.000000 3337.000000 9384.000000 -4373.000000 
-9921.000000 -2691.000000 4527.000000 3343.000000 9330.000000 -4386.000000 
-8111.000000 -4270.000000 4250.000000 3524.000000 9639.000000 -4235.000000 
-7481.000000 -3248.000000 4136.000000 3544.000000 9844.000000 -4235.000000 
-7673.000000 -2240.000000 4074.500000 3562.500000 9907.000000 -4235.000000 
-10139.000000 -2389.000000 4378.500000 4477.500000 11151.000000 -4248.000000 
-9104.000000 -1947.000000 4378.500000 4478.500000 11155.000000 -4270.000000 
-10394.000000 -3935.000000 4484.500000 3342.500000 8229.000000 -4469.000000 
-9443.000000 -5333.000000 4591.000000 3399.000000 8248.000000 -4546.000000 
-8770.000000 -6335.000000 4568.000000 3442.000000 8397.000000 -4546.000000 
-9392.000000 -3319.000000 3139.000000 1669.000000 7197.000000 -3061.000000 
-10997.000000 -2958.000000 3723.500000 3550.500000 10538.000000 -3570.000000 
-11211.000000 -4167.000000 3931.000000 3566.000000 9885.000000 -3783.000000 
-9955.000000 -1266.000000 3283.000000 2810.000000 7897.000000 -3035.000000 
map
4
281
67.790036 32.533808 -128.281139 -121.355872 
39.686833 85.302491 
396
77.931818 35.957071 -129.535354 -182.810606 
42.234848 83.704545 
17
77.470588 29.235294 -58.235294 -125.823529 
31.176471 83.470588 
5
97.600000 34.200000 -96.400000 -242.800000 
39.400000 70.800000 

unit: 11
vectors
6 6
-7796.000000 755.000000 3045.500000 4140.500000 10707.000000 -3315.000000 
-6799.000000 756.000000 3131.000000 4113.000000 10610.000000 -3351.000000 
-8129.000000 745.000000 3417.500000 2936.500000 7566.000000 -3505.000000 
-7023.000000 744.000000 3494.000000 2910.000000 7479.000000 -3575.000000 
-7760.000000 -1722.000000 3326.000000 3559.000000 9407.000000 -3426.000000 
-8386.000000 14.000000 3621.500000 4466.500000 10590.000000 -3799.000000 
map
7
161
94.161491 28.136646 -88.465839 -289.664596 
20.714286 88.068323 
3
91.333333 24.666667 -24.666667 -332.666667 
19.333333 86.666667 
104
97.375000 31.923077 -111.298077 -271.432692 
22.788462 90.230769 
50
100.660000 31.560000 -116.960000 -327.000000 
24.740000 90.200000 
3
103.333333 27.000000 -77.000000 -198.000000 
21.333333 93.333333 
13
85.000000 30.230769 -55.461538 -138.307692 
34.153846 87.846154 
99
72.929293 31.454545 -138.797980 -164.757576 
31.565657 112.282828 

unit: 12
vectors
4 6
-7046.000000 -1489.000000 2807.500000 6471.500000 21276.000000 -3103.000000 
-7060.000000 -214.000000 2906.000000 6502.000000 21192.000000 -3150.000000 
-6768.000000 1907.000000 2850.500000 6557.500000 21018.000000 -3112.000000 
-7666.000000 1175.000000 2804.500000 6583.500000 20549.000000 -3059.000000 
map
2
78
87.012821 29.525641 22.551282 -191.807692 
32.064103 80.012821 
3
89.333333 24.333333 71.333333 -136.333333 
31.000000 81.000000 

unit: 13
vectors
4 6
-11449.000000 699.000000 4836.000000 7956.000000 18192.000000 -4805.000000 
-10420.000000 -738.000000 4953.500000 7892.500000 18010.000000 -4883.000000 
-9663.000000 -75.000000 4922.500000 7772.500000 17856.000000 -4888.000000 
-9595.000000 -1217.000000 4868.500000 7666.500000 17672.000000 -4892.000000 
map
3
72
81.694444 43.972222 -10.722222 -272.833333 
21.666667 31.527778 
48
83.750000 44.541667 -11.187500 -322.500000 
21.000000 31.854167 
2
83.000000 39.500000 49.000000 -338.500000 
17.500000 30.500000 

unit: 14
vectors
5 6
-10625.000000 -2127.000000 4476.000000 6221.000000 14876.000000 -4425.000000 
-9569.000000 -1898.000000 4583.500000 6221.500000 14796.000000 -4517.000000 
-8570.000000 -1687.000000 4576.500000 6218.500000 14665.000000 -4517.000000 
-7727.000000 -349.000000 4471.000000 6182.000000 14395.000000 -4522.000000 
-9188.000000 -1095.000000 3916.000000 5414.000000 15480.000000 -3928.000000 
map
1
131
99.625954 35.862595 -119.236641 -215.778626 
45.938931 71.595420 

unit: 15
vectors
4 6
-6679.000000 -377.000000 4317.000000 6120.000000 14001.000000 -4517.000000 
-9249.000000 564.000000 3900.000000 5460.000000 15478.000000 -3928.000000 
-9284.000000 -1034.000000 3630.500000 5427.500000 14333.000000 -3524.000000 
-8201.000000 -1024.000000 3214.500000 5161.500000 14385.000000 -3317.000000 
map
2
13
90.846154 28.615385 -56.923077 -155.538462 
51.615385 78.307692 
5
98.600000 27.000000 -59.200000 -291.400000 
50.200000 87.200000 

unit: 16
vectors
8 6
-8519.000000 -1945.000000 3585.000000 2846.000000 10893.000000 -3472.000000 
-8226.000000 -3774.000000 3540.500000 2913.500000 10904.000000 -3492.000000 
-8218.000000 -5122.000000 3532.000000 2925.000000 10953.000000 -3496.000000 
-8009.000000 -5089.000000 3880.000000 4316.000000 9219.000000 -3970.000000 
-9523.000000 -9681.000000 2875.500000 3868.500000 12138.000000 -2960.000000 
-8842.000000 -8847.000000 3008.500000 3918.500000 12672.000000 -3030.000000 
-8439.000000 -7459.000000 3015.000000 4010.000000 13229.000000 -3026.000000 
-8590.000000 -643.000000 3766.500000 3545.500000 10644.000000 -3750.000000 
map
3
80
106.687500 23.250000 -41.762500 -338.037500 
37.487500 67.562500 
33
111.757576 23.363636 -50.393939 -390.333333 
33.454545 74.484848 
6
78.000000 37.000000 -68.666667 -128.500000 
35.000000 90.666667 

unit: 17
vectors
1 6
-9770.000000 -996.000000 2948.000000 3541.000000 8974.000000 -2903.000000 
map
1
118
115.711864 35.906780 -140.101695 -310.779661 
28.966102 96.110169 

unit: 18
vectors
1 6
-8683.000000 1087.000000 3369.500000 6495.500000 16053.000000 -3447.000000 
map
1
7
81.142857 26.142857 -44.714286 -130.142857 
42.285714 100.000000 

unit: 19
vectors
4 6
-8418.000000 -4640.000000 3959.000000 2265.000000 5378.000000 -3790.000000 
-8168.000000 2271.000000 3119.000000 4280.000000 10273.000000 -3325.000000 
-10592.000000 -129.000000 2620.000000 3246.000000 10217.000000 -2615.000000 
-9670.000000 892.000000 2765.500000 3254.500000 10119.000000 -2701.000000 
map
2
146
79.315068 36.006849 -138.630137 -122.595890 
24.691781 103.513699 
66
98.090909 38.515152 -182.848485 -157.515152 
34.439394 105.560606 

unit: 20
vectors
7 6
-11197.000000 -1031.000000 4235.500000 4273.500000 9947.000000 -4092.000000 
-9796.000000 -1967.000000 4356.000000 4267.000000 9873.000000 -4188.000000 
-9267.000000 -3735.000000 4353.500000 4263.500000 9871.000000 -4196.000000 
-8319.000000 -3307.000000 4288.000000 4221.000000 10021.000000 -4245.000000 
-10108.000000 -4735.000000 3741.000000 2911.000000 9740.000000 -3492.000000 
-8538.000000 -3293.000000 4171.500000 5078.500000 10913.000000 -4155.000000 
-8282.000000 -2223.000000 4160.000000 5090.000000 10942.000000 -4156.000000 
map
3
113
97.247788 32.796460 -99.000000 -283.884956 
24.053097 63.132743 
6
93.000000 27.833333 -40.500000 -333.000000 
28.166667 65.333333 
5
73.200000 31.600000 -98.600000 -125.000000 
43.800000 91.200000 

unit: 21
vectors
8 6
-7584.000000 -1102.000000 3190.000000 6162.000000 16072.000000 -3323.000000 
-8085.000000 -297.000000 3199.500000 6504.500000 16035.000000 -3351.000000 
-6671.000000 -5662.000000 2598.000000 2721.000000 9990.000000 -2838.000000 
-7780.000000 -5663.000000 2645.500000 2834.500000 10498.000000 -2859.000000 
-8474.000000 -4868.000000 2632.500000 2872.500000 10617.000000 -2856.000000 
-9052.000000 -2866.000000 2640.000000 2897.000000 10743.000000 -2844.000000 
-9703.000000 -2015.000000 2648.500000 2951.500000 10836.000000 -2816.000000 
-9555.000000 -20.000000 2559.500000 2746.500000 10078.000000 -2505.000000 
map
3
102
95.843137 34.813725 -161.441176 -145.656863 
46.617647 109.450980 
120
62.066667 30.875000 -83.425000 -107.683333 
46.950000 110.325000 
4
58.750000 33.500000 -32.750000 -68.750000 
49.750000 111.000000 

unit: 22
vectors
8 6
-7287.000000 -5835.000000 2331.500000 6246.500000 14775.000000 -2508.000000 
-7467.000000 -4186.000000 2439.000000 6282.000000 14766.000000 -2567.000000 
-7301.000000 -2891.000000 2430.500000 6291.500000 14811.000000 -2566.000000 
-7465.000000 -1694.000000 2422.500000 6301.500000 14843.000000 -2557.000000 
-7502.000000 -395.000000 2410.000000 6321.000000 14859.000000 -2550.000000 
-8310.000000 614.000000 2371.000000 6390.000000 14656.000000 -2510.000000 
-8866.000000 1448.000000 2371.000000 6392.000000 14488.000000 -2489.000000 
-9278.000000 -750.000000 2384.000000 6376.000000 14148.000000 -2453.000000 
map
2
128
109.773438 36.742187 -141.242188 -297.976562 
55.539062 112.007812 
9
107.111111 32.888889 -74.111111 -358.111111 
54.888889 113.444444 

unit: 23
vectors
1 6
-10135.000000 1621.000000 3393.500000 4053.500000 12086.000000 -3401.000000 
map
1
107
84.056075 36.943925 -151.448598 -202.467290 
27.747664 97.289720 

