Reading from /home/mb/cdp/src/YARP/src/applications/telje/log.txt
62
59
50
56
77
75
74
57
54
55
51
58
50
62
59
56
77
75
74
57
54
55
51
50
56
77
75
74
57
54
55
51
58
62
59
50
56
77
75
74
57
54
55
51
58
62
59
50
56
77
75
74
57
54
55
51
58
62
59
50
56
77
75
74
57
54
55
51
58
62
59
50
56
77
75
74
57
54
55
51
58
62
59
50
56
77
75
74
57
54
55
51
58
62
59
50
56
77
75
74
57
54
55
51
58
62
59
50
56
77
75
74
57
54
55
51
58
62
59
50
56
77
75
74
76
57
54
55
51
58
62
59
50
56
57
54
55
51
58
62
59
50
56
57
54
55
51
58
62
59
50
56
57
54
55
51
58
62
59
50
56
57
54
55
51
58
62
59
50
56
77
75
74
57
54
55
51
58
62
59
50
56
77
75
74
57
54
55
51
58
62
59
50
52
53
51
60
62
61
63
64
65
66
50
52
53
51
60
62
61
63
64
65
66
50
56
72
73
74
75
76
57
57
54
55
51
58
62
59
50
56
77
75
74
57
54
55
51
58
62
59
50
52
53
51
60
62
61
63
64
65
66
50
56
72
73
74
75
76
57
57
54
55
51
58
62
59
50
52
53
51
60
62
61
63
64
65
66
50
56
72
73
74
75
76
74
57
54
55
51
58
62
59
50
52
53
51
60
62
61
63
64
65
66
50
52
53
51
60
62
61
63
64
65
66
50
56
72
73
74
75
76
57
57
54
55
51
58
62
59
50
56
77
75
74
57
54
55
51
58
62
59
50
56
77
75
76
57
54
55
51
58
62
59
50
56
77
75
76
57
54
55
51
58
62
59
50
52
53
51
60
62
61
50
56
77
75
74
57
54
55
51
58
62
59
63
67
68
64
50
56
77
75
76
57
54
55
51
58
62
59
63
67
68
64
50
56
77
75
74
57
54
55
51
58
62
59
50
56
77
75
74
57
54
55
51
58
62
59
63
67
68
64
50
52
53
51
60
62
61
50
52
53
51
60
62
61
63
64
65
66
50
56
72
73
74
75
76
57
57
54
55
51
58
62
59
50
56
77
75
74
57
54
55
51
58
62
59
63
68
64
50
52
53
51
60
62
61
63
64
65
66
50
56
72
73
74
75
76
57
57
54
55
51
58
62
59
63
68
64
50
56
77
75
74
57
54
55
51
58
62
59
63
67
68
64
50
56
77
75
74
57
54
55
51
58
62
59
63
67
68
64
50
56
77
75
76
57
54
55
51
58
62
59
63
67
68
64
50
56
77
75
76
57
54
55
51
58
62
59
63
67
68
64
50
56
77
75
76
57
54
55
51
58
62
59
