from Reading /home/mb/cdp/src/YARP/src/applications/telje/log.txt
62 70.28 0
59 70.30 
50 100.99 
56 103.22 
77 103.43 
75 103.43 0
74 103.43 -1.44698 0
57 103.44 3
54 106.96 
55 109.22 
51 109.42 
58 109.44 
50 120.75 
62 121.32 0
59 121.33 
56 122.89 
77 123.11 
75 123.11 0
74 123.11 1.05315 0
57 123.11 0
54 127.77 
55 129.59 
51 130.86 
50 6496.56 
56 6498.71 
77 6498.91 
75 6498.91 0
74 6498.91 -1.25482 0
57 6498.92 3
54 6502.09 
55 6504.35 
51 6504.55 
58 6504.56 
62 6509.47 -1
59 6509.47 
50 6516.19 
56 6518.48 
77 6518.69 
75 6518.69 0
74 6518.69 0.025568 0
57 6518.70 2
54 6521.78 
55 6524.04 
51 6524.24 
58 6524.27 
62 6532.48 0
59 6532.49 
50 6535.29 
56 6537.48 
77 6537.70 
75 6537.71 0
74 6537.71 0.499656 0
57 6537.71 1
54 6540.89 
55 6543.15 
51 6543.36 
58 6543.38 
62 6550.67 0
59 6550.68 
50 6554.70 
56 6556.84 
77 6557.05 
75 6557.05 0
74 6557.06 -1.25482 0
57 6557.06 3
54 6560.14 
55 6562.40 
51 6562.60 
58 6562.61 
62 6569.53 0
59 6569.55 
50 6577.41 
56 6579.55 
77 6579.77 
75 6579.77 0
74 6579.77 0.025568 0
57 6579.78 2
54 6582.68 
55 6584.94 
51 6585.15 
58 6585.17 
62 6593.59 0
59 6593.60 
50 6596.04 
56 6598.22 
77 6598.45 
75 6598.45 0
74 6598.45 0.078426 0
57 6598.45 2
54 6600.88 
55 6603.14 
51 6603.34 
58 6603.36 
62 6611.28 0
59 6611.29 
50 6614.13 
56 6616.28 
77 6616.50 
75 6616.50 0
74 6616.51 0.499656 0
57 6616.51 1
54 6619.24 
55 6621.51 
51 6621.71 
58 6621.73 
62 6629.65 0
59 6629.67 
50 6632.76 
56 6634.91 
77 6635.15 
75 6635.15 0
74 6635.15 0.518118 0
57 6635.15 1
54 6638.11 
55 6640.37 
51 6640.57 
58 6640.62 
62 6642.74 -1
59 6642.74 
50 6735.92 
56 6738.15 
77 6738.38 
75 6738.38 0
74 6738.38 0.909297 0
76 6738.38 0
57 6738.39 1
54 6740.76 
55 6743.02 
51 6743.22 
58 6743.26 
62 6751.21 0
59 6751.22 
50 6754.03 
56 6756.18 
57 6756.24 -1
54 6759.43 
55 6761.70 
51 6761.90 
58 6761.92 
62 6769.12 0
59 6769.14 
50 7746.51 
56 7748.65 
57 7748.72 -1
54 7751.47 
55 7753.73 
51 7753.94 
58 7753.96 
62 7757.05 -1
59 7757.05 
50 9017.60 
56 9019.97 
57 9020.04 -1
54 9024.85 
55 9026.51 
51 9027.77 
58 9027.80 
62 9029.36 -1
59 9029.36 
50 9043.81 
56 9045.96 
57 9046.03 -1
54 9049.96 
55 9052.22 
51 9052.42 
58 9052.44 
62 9054.58 -1
59 9054.58 
50 9307.02 
56 9308.47 
77 9308.69 
75 9308.69 1
74 9308.69 1.40238 0
57 9308.69 0
54 9311.49 
55 9313.75 
51 9313.95 
58 9313.97 
62 9321.41 0
59 9321.43 
50 9822.64 
56 9824.89 
77 9825.09 
75 9825.09 0
74 9825.09 0.499656 0
57 9825.09 1
54 9827.98 
55 9830.24 
51 9830.44 
58 9830.48 
62 9838.72 0
59 9838.74 
50 9941.38 
52 9943.00 
53 9944.80 
51 9945.00 
60 9945.01 
62 9956.73 0
61 9956.74 
63 9956.75 83 40 57 22
64 9956.75 -0.492919 0.205562
65 9956.85 1
66 9956.85 1
50 9962.17 
52 9964.52 
53 9966.32 
51 9966.53 
60 9966.56 
62 9975.45 0
61 9975.47 
63 9975.47 76 80 99 77
64 9975.47 -0.0541033 0.0635371
65 9975.57 1
66 9975.57 2
50 9985.11 
56 9987.34 
72 9987.34 
73 9987.34 1
74 9987.39 -0.0541033 -0.129703
75 9987.59 1
76 9987.59 0
57 9987.59 0
57 9987.59 0
54 9990.37 
55 9992.63 
51 9992.83 
58 9992.87 
62 10000.50 0
59 10000.50 
50 10003.80 
56 10006.00 
77 10006.20 
75 10006.20 1
74 10006.20 1.24023 0
57 10006.20 0
54 10009.00 
55 10011.30 
51 10011.50 
58 10011.50 
62 10013.70 -1
59 10013.70 
50 10036.10 
52 10037.60 
53 10039.40 
51 10039.60 
60 10039.60 
62 10053.00 0
61 10053.00 
63 10053.00 71 82 95 80
64 10053.00 -0.0846256 0.0741973
65 10053.10 1
66 10053.10 2
50 10080.20 
56 10082.40 
72 10082.40 
73 10082.40 1
74 10082.40 -0.0846256 -0.0831412
75 10082.60 1
76 10082.60 0
57 10082.60 3
57 10082.60 3
54 10085.60 
55 10087.90 
51 10088.10 
58 10088.10 
62 10095.30 0
59 10095.30 
50 10131.90 
52 10134.20 
53 10136.00 
51 10136.20 
60 10136.20 
62 10145.00 0
61 10145.00 
63 10145.00 91 86 89 99
64 10145.00 -1.37099 0.0618544
65 10145.10 1
66 10145.10 3
50 10161.60 
56 10163.20 
72 10163.20 
73 10163.20 1
74 10163.20 -1.37099 1.72345
75 10163.40 1
76 10163.40 0
74 10163.40 1.4329 0
57 10163.40 0
54 10168.00 
55 10170.00 
51 10171.30 
58 10171.30 
62 10178.00 0
59 10178.00 
50 10191.40 
52 10192.80 
53 10194.60 
51 10194.80 
60 10194.90 
62 10202.50 0
61 10202.50 
63 10202.60 97 63 108 37
64 10202.60 1.40288 0.0613557
65 10202.70 1
66 10202.70 3
50 10241.20 
52 10243.50 
53 10245.30 
51 10245.50 
60 10245.50 
62 10254.10 0
61 10254.10 
63 10254.10 88 66 109 69
64 10254.10 -1.46468 0.0682817
65 10254.20 1
66 10254.20 2
50 10268.90 
56 10270.50 
72 10270.50 
73 10270.50 1
74 10270.60 -1.46468 0.141897
75 10270.80 1
76 10270.80 0
57 10270.80 2
57 10270.80 2
54 10273.10 
55 10275.30 
51 10275.50 
58 10275.60 
62 10286.10 0
59 10286.20 
50 10315.30 
56 10317.40 
77 10317.60 
75 10317.60 0
74 10317.60 -0.304267 0
57 10317.60 2
54 10320.00 
55 10322.30 
51 10322.50 
58 10322.50 
62 10333.40 0
59 10333.40 
50 10544.30 
56 10546.40 
77 10546.60 
75 10546.60 0
76 10546.60 0
57 10546.60 2
54 10549.20 
55 10551.50 
51 10551.70 
58 10551.70 
62 10559.10 0
59 10559.10 
50 11360.90 
56 11363.00 
77 11363.20 
75 11363.20 0
76 11363.20 0
57 11363.30 3
54 11366.40 
55 11368.60 
51 11368.80 
58 11368.90 
62 11376.00 0
59 11376.00 
50 13759.70 
52 13761.30 
53 13763.10 
51 13763.30 
60 13763.40 
62 13766.60 -1
61 13766.60 
50 13808.30 
56 13810.40 
77 13810.70 
75 13810.70 0
74 13810.70 -0.162105 0
57 13810.70 2
54 13813.40 
55 13815.70 
51 13815.90 
58 13815.90 
62 13823.30 0
59 13823.30 
63 13823.30 72 91 85 101
67 13823.30 4 -4
68 13823.30 2
64 13823.40 0.402802 0.0243045
50 13834.10 
56 13836.20 
77 13836.40 
75 13836.40 0
76 13836.40 0
57 13836.40 1
54 13839.20 
55 13841.50 
51 13841.70 
58 13841.70 
62 13849.10 0
59 13849.20 
63 13849.20 90 98 91 110
67 13849.20 1 -3
68 13849.20 1
64 13849.20 0.854349 0.0436691
50 13860.20 
56 13862.30 
77 13862.60 
75 13862.60 0
74 13862.60 -1.25482 0
57 13862.60 3
54 13865.50 
55 13867.70 
51 13867.90 
58 13868.00 
62 13869.90 -1
59 13869.90 
50 13882.50 
56 13884.60 
77 13884.80 
75 13884.80 0
74 13884.80 1.1646 0
57 13884.80 0
54 13889.40 
55 13891.00 
51 13892.20 
58 13892.30 
62 13899.20 0
59 13899.20 
63 13899.20 31 49 14 28
67 13899.20 -2 4
68 13899.20 0
64 13899.20 -0.174619 0.0613743
50 13909.50 
52 13911.70 
53 13913.50 
51 13913.70 
60 13913.70 
62 13917.50 -1
61 13917.50 
50 13928.50 
52 13930.00 
53 13931.80 
51 13932.00 
60 13932.00 
62 13941.20 0
61 13941.20 
63 13941.20 85 72 103 66
64 13941.20 -0.101354 0.0690261
65 13941.30 1
66 13941.30 2
50 13945.90 
56 13948.00 
72 13948.00 
73 13948.00 1
74 13948.00 -0.101354 -0.321751
75 13948.20 1
76 13948.20 0
57 13948.20 0
57 13948.20 0
54 13952.80 
55 13954.60 
51 13955.80 
58 13955.80 
62 13957.40 -1
59 13957.40 
50 13996.00 
56 13998.20 
77 13998.40 
75 13998.40 1
74 13998.40 1.45628 0
57 13998.40 0
54 14003.00 
55 14004.70 
51 14006.00 
58 14006.00 
62 14014.20 0
59 14014.20 
63 14014.20 80 68 74 41
68 14014.20 0
64 14014.20 1.49659 0.0525808
50 14021.80 
52 14023.90 
53 14025.70 
51 14025.90 
60 14025.90 
62 14036.30 0
61 14036.30 
63 14036.30 74 72 111 71
64 14036.30 1.54794 0.0572965
65 14036.40 1
66 14036.40 2
50 14042.10 
56 14044.20 
72 14044.20 
73 14044.20 1
74 14044.20 1.54794 -0.0270204
75 14044.40 1
76 14044.40 0
57 14044.40 2
57 14044.40 2
54 14046.80 
55 14049.10 
51 14049.30 
58 14049.30 
62 14058.80 0
59 14058.80 
63 14058.80 73 73 95 80
68 14058.80 2
64 14058.90 1.55793 0.0617741
50 16139.80 
56 16142.00 
77 16142.20 
75 16142.20 0
74 16142.20 -0.540733 0
57 16142.20 3
54 16145.30 
55 16147.60 
51 16147.80 
58 16147.80 
62 16156.30 0
59 16156.40 
63 16156.40 79 69 78 63
67 16156.40 1 2
68 16156.40 3
64 16156.40 -1.34671 0.0124791
50 16159.60 
56 16161.80 
77 16162.00 
75 16162.00 0
74 16162.00 -0.304267 0
57 16162.00 2
54 16164.40 
55 16166.70 
51 16166.90 
58 16166.90 
62 16176.10 0
59 16176.20 
63 16176.20 70 75 94 90
67 16176.20 4 -3
68 16176.20 2
64 16176.20 1.37118 0.0158896
50 16177.60 
56 16179.80 
77 16180.00 
75 16180.00 0
76 16180.00 0
57 16180.00 1
54 16183.00 
55 16185.20 
51 16185.40 
58 16185.40 
62 16193.80 0
59 16193.80 
63 16193.80 74 78 96 106
67 16193.80 3 -1
68 16193.80 1
64 16193.80 1.13201 0.01098
50 19273.80 
56 19276.00 
77 19276.20 
75 19276.20 0
76 19276.20 0
57 19276.20 2
54 19278.90 
55 19281.10 
51 19281.30 
58 19281.30 
62 19290.50 0
59 19290.50 
63 19290.50 49 79 69 108
67 19290.50 2 -2
68 19290.50 2
64 19290.50 0.172697 0.0270777
50 19297.80 
56 19299.90 
77 19300.10 
75 19300.10 0
76 19300.10 0
57 19300.10 3
54 19303.30 
55 19305.60 
51 19305.80 
58 19305.80 
62 19314.10 0
59 19314.10 
