-0.341385 1.364337 
264.000000 260.000000 455.000000 484.000000 480.000000 561.000000 
-0.008509 1.416386 
364.000000 260.000000 315.000000 584.000000 480.000000 561.000000 
-0.358727 1.132137 
364.000000 260.000000 445.000000 584.000000 480.000000 561.000000 
364.000000 260.000000 515.000000 584.000000 480.000000 561.000000 
0.139602 0.139638 0.139638 

0.000000 0.000000
0.000000 0.000000 0.000000 0.000000 0.000000 0.000000
0.000000 0.000000 0.000000 0.000000 0.000000 0.000000

2.000000 -3.000000
-10.000000 0.000000 0.000000 0.000000 0.000000 0.000000
-70.000000 0.000000 -100.000000 -150.000000 0.000000 120.000000

-7.000000 5.000000
10.000000 0.000000 0.000000 0.000000 0.000000 0.000000
0.000000 0.000000 -150.000000 0.000000 0.000000 0.000000

0.000000 9.000000
0.000000 0.000000 0.000000 20.000000 0.000000 120.000000
160.000000 0.000000 0.000000 90.000000 0.000000 -170.000000

