19 1 1
94 5.000000
-40.000000 
125.000000 
0.000000 -0.500812 9 0.000000 
12.000000 -313.053469 4 0.000000 
23.000000 -588.661255 11 0.000000 
36.000000 -1092.839029 6 0.000000 
42.000000 -1174.538986 6 0.000000 
-34.000000 1130.608541 9 0.000000 
-40.000000 1227.655570 9 0.000000 
-21.000000 513.230535 3 0.000000 
-12.000000 368.411148 2 0.000000 
29.000000 -819.515166 3 0.000000 
48.000000 -1427.465475 4 0.000000 
59.000000 -1687.352442 3 0.000000 
66.000000 -2020.983708 5 0.000000 
78.000000 -2292.856089 4 0.000000 
87.000000 -2659.597530 4 0.000000 
97.000000 -2903.790174 4 0.000000 
109.000000 -3190.820104 3 0.000000 
118.000000 -3549.878920 3 0.000000 
125.000000 -3726.081668 2 0.000000 
