7
7
0 1 2 3 4 5 6
3 4
-125 -1 -300 0 0 32767 32767 0 300 -4
30 1 300 0 0 32767 32767 0 50 -4
30 1 300 0 0 32767 32767 0 50 -4
200 0 2000 0 0 32767 32767 0 0 -4
200 0 2000 0 0 32767 32767 0 0 -4 
500 1 4000 0 0 32767 32767 0 0 -4
200 0 2000 0 0 32767 32767 0 0 -4
0.000000 3500.000000 0.000000 0.000000 0.000000 0.000000 5900.000000
30000.000000 90000.000000 90000.000000 25000.000000 25000.000000 15000.000000 6000.000000
0.000000 0.000000 0.000000 800.000000 8000.000000 30000.000000 0.000000
0.000000 0.000000 0.000000 -24000.000000 -11000.000000 30000.000000 0.000000
1000.000000 300.000000 300.000000 300.000000 300.000000 300.000000 300.000000 
1.000000 1.000000 1.000000 1.000000 1.000000 1.000000 1.000000 
