0 0 80 88 100 115 1 -1.431648 0.005670 
0 1 75 65 95 74 2 -0.137781 0.025811 
0 2 76 88 90 107 2 0.293109 0.015594 
0 3 93 69 107 96 1 0.133531 0.047077 
0 4 77 65 69 35 0 -0.716311 0.024741 
0 5 69 83 93 106 2 1.164598 0.004740 
0 6 93 73 103 89 1 -0.043340 0.035157 
0 7 73 72 92 90 1 0.100930 0.031025 
0 8 84 89 100 102 2 0.501851 0.013358 
0 9 69 77 52 40 0 1.433484 0.010507 
0 10 86 64 79 37 0 1.176374 0.031383 
0 11 81 92 98 111 1 0.757385 0.012401 
0 12 96 93 110 114 1 0.762504 0.009659 
0 13 87 83 101 96 2 -1.312668 0.005996 
0 14 76 85 94 62 3 -0.915322 0.038187 
0 15 80 91 89 100 2 0.387617 0.022546 
0 16 63 94 74 92 1 1.194578 0.032201 
0 17 30 92 18 48 0 -0.168435 0.017053 
0 18 69 84 78 88 1 -0.251699 0.016808 
0 19 57 82 50 37 0 -1.524004 0.027527 
0 20 100 79 97 57 0 1.053917 0.021956 
0 21 101 74 108 61 3 -0.835973 0.039197 
0 22 39 46 41 47 1 -0.182922 0.099568 
0 23 96 90 106 94 0 1.360402 0.024934 
0 24 18 21 18 21 0 -1.069758 0.057333 
0 25 98 92 99 87 2 -0.054086 0.010107 
0 26 78 82 92 89 1 -0.304267 0.019455 
0 27 78 83 90 91 2 1.278525 0.008096 
0 28 74 80 60 46 0 -0.736156 0.021103 
0 29 66 91 88 109 2 0.621849 0.026922 
0 30 89 78 100 90 1 0.031855 0.088991 
0 31 108 52 110 42 3 -1.451446 0.041715 
0 32 84 63 75 35 0 0.090023 0.017801 
0 33 87 77 77 45 0 1.445647 0.014265 
0 34 84 78 93 89 2 -0.059765 0.013732 
0 35 71 70 75 55 3 -1.113923 0.019296 
0 36 70 86 96 116 1 1.301173 0.085462 
0 37 44 66 39 39 3 1.053153 0.009712 
0 38 68 63 60 26 3 0.204943 0.024896 
0 39 77 69 65 43 0 1.360135 0.003414 
0 40 85 86 92 86 2 -1.320173 0.014876 
0 41 73 99 66 91 1 1.151591 0.019069 
0 42 51 88 43 58 0 0.002026 0.187250 
0 43 63 78 63 61 0 1.316636 0.078994 
0 44 65 88 73 96 1 0.242635 0.022509 
0 45 78 61 113 95 1 0.921778 0.069201 
0 46 75 77 92 95 2 0.084311 0.002139 
0 47 81 77 109 106 1 0.623054 0.012800 
0 48 52 70 54 46 3 0.909297 0.018510 
0 49 90 75 112 80 2 -0.098080 0.065485 
0 50 59 93 70 100 1 1.198084 0.014474 
0 51 54 41 60 40 0 0.518118 0.027894 
0 52 62 91 84 115 1 1.431651 0.008795 
0 53 84 68 109 105 2 -0.731604 0.001981 
0 54 92 86 96 92 2 0.025568 0.025780 
0 55 88 96 97 101 1 0.464440 0.034746 
0 56 62 78 77 87 2 0.212139 0.026139 
0 57 98 76 87 46 0 0.465362 0.043645 
0 58 48 70 59 79 2 0.455726 0.011806 
0 59 68 96 90 107 1 0.496987 0.009579 
0 60 100 80 108 93 1 1.418209 0.001788 
0 61 89 75 102 56 3 0.546477 0.027726 
0 62 88 84 101 84 3 1.037435 0.011965 
0 63 94 48 84 38 0 -0.676798 0.006349 
0 64 57 64 57 59 3 1.041720 0.160682 
0 65 100 79 85 45 0 1.280117 0.017196 
0 66 71 79 88 99 2 0.932637 0.015240 
0 67 86 90 88 94 1 -1.254823 0.005724 
0 68 89 73 77 37 0 1.410667 0.031386 
0 69 84 64 80 37 0 -0.573354 0.018120 
0 70 82 87 95 95 1 0.078426 0.019797 
0 71 78 93 99 109 1 0.674150 0.026938 
0 72 81 79 84 60 3 0.932152 0.083840 
0 73 68 102 95 115 2 0.499656 0.024426 
0 74 73 94 89 114 1 0.733044 0.056376 
0 75 68 88 58 56 0 1.478657 0.025353 
0 76 95 104 107 113 2 0.351938 0.044745 
0 77 88 75 103 86 2 -0.116030 0.015770 
0 78 87 85 102 100 2 0.530334 0.016463 
0 79 62 86 72 89 1 0.700590 0.008393 
0 80 81 80 98 60 3 0.858243 0.007243 
0 81 80 87 93 94 2 0.066850 0.022458 
0 82 83 80 100 93 2 0.172592 0.018627 
0 83 84 71 70 36 0 1.506355 0.015592 
0 84 79 81 88 68 3 0.530250 0.006984 
0 85 49 77 75 102 2 0.973998 0.017772 
0 86 49 79 76 97 2 -0.162105 0.009115 
0 87 70 87 98 107 2 -0.560577 0.003434 
0 88 85 79 100 103 1 0.479340 0.039247 
0 89 85 91 73 54 0 -0.393064 0.009018 
0 90 53 65 39 41 0 0.490086 0.043099 
0 91 56 94 79 108 1 0.885178 0.060076 
0 92 90 81 109 65 3 -0.699174 0.012562 
0 93 61 65 46 31 0 1.325806 0.014762 
0 94 65 63 77 30 3 -0.540733 0.022205 
0 95 91 83 99 77 3 -1.380773 0.039090 
0 96 63 97 92 112 2 -1.446984 0.016403 
0 97 60 94 73 104 1 0.081020 0.024414 
0 98 82 90 97 101 2 -0.709925 0.009407 
0 99 63 81 58 35 0 -1.458597 0.025185 
0 100 84 79 87 45 0 -1.049188 0.033745 
0 101 66 16 66 16 3 1.050529 0.053466 
0 102 55 47 71 44 1 -0.930168 0.033722 
0 103 71 92 98 113 1 0.377718 0.018435 
1 0 90 96 98 105 2 0.633822 0.081888 
1 1 91 94 101 99 2 0.680818 0.069763 
1 2 94 90 108 108 1 0.698465 0.078386 
1 3 94 95 108 102 2 0.741331 0.072603 
1 4 87 89 104 75 1 0.741898 0.108723 
1 5 92 86 98 82 2 0.600791 0.100314 
2 0 70 65 36 37 0 0.500873 0.084298 
2 1 82 87 106 110 1 0.780553 0.076801 
2 2 87 72 102 65 3 -0.132396 0.068949 
2 3 61 79 43 49 0 0.146772 0.093762 
2 4 68 88 63 50 0 0.125714 0.087552 
2 5 91 65 102 36 2 -0.945503 0.032651 
2 6 84 88 98 99 2 -1.192393 0.067170 
2 7 101 79 106 72 2 -1.346587 0.064508 
2 8 90 60 97 40 0 -0.613168 0.055285 
2 9 85 100 101 115 1 0.888007 0.077889 
2 10 86 79 102 53 3 0.606399 0.081922 
2 11 86 82 93 67 3 0.692543 0.080449 
2 12 91 87 109 96 1 -0.662286 0.060427 
2 13 88 62 116 52 2 -0.293521 0.054877 
2 14 74 85 63 66 0 0.775563 0.068643 
2 15 54 75 55 62 3 0.999112 0.069577 
2 16 90 81 108 101 2 1.026191 0.078837 
2 17 100 82 114 99 1 1.164252 0.090402 
2 18 92 77 75 53 0 0.135481 0.112003 
2 19 91 71 96 40 3 -1.447779 0.066998 
2 20 63 89 72 93 1 1.382006 0.068112 
2 21 93 69 104 77 2 1.234830 0.069481 
2 22 92 75 114 66 2 -0.395843 0.063755 
2 23 82 69 79 34 3 0.203193 0.071688 
2 24 97 93 89 51 0 1.402383 0.071791 
2 25 88 79 102 62 3 0.638685 0.078837 
2 26 89 70 99 68 2 1.486667 0.066745 
2 27 82 74 114 65 2 -0.118301 0.073838 
2 28 72 80 68 49 0 0.316741 0.063095 
2 29 91 63 112 34 3 -0.708535 0.060293 
2 30 96 68 116 48 3 -0.623118 0.056694 
2 31 76 88 95 114 1 -0.794445 0.028585 
2 32 42 69 50 111 2 -1.298976 0.042732 
2 33 50 74 32 51 3 0.938915 0.071898 
2 34 69 90 82 75 0 -0.865233 0.070463 
2 35 99 93 82 52 0 1.109660 0.061805 
2 36 63 56 27 34 2 0.549224 0.080586 
2 37 100 82 97 72 0 0.917011 0.076559 
2 38 72 61 90 75 2 1.456283 0.070976 
2 39 74 63 97 84 2 -1.474511 0.063076 
2 40 74 42 76 21 3 -1.018518 0.045181 
2 41 78 82 96 92 2 1.220471 0.076657 
2 42 94 83 115 103 1 0.639729 0.064547 
2 43 37 71 12 47 0 0.466745 0.078243 
2 44 93 71 109 59 3 1.336415 0.066608 
2 45 83 81 106 100 1 1.008348 0.071493 
2 46 68 74 48 38 0 1.023474 0.073589 
2 47 73 67 94 53 3 -0.628725 0.061201 
2 48 78 85 78 57 0 -0.131417 0.068378 
2 49 76 73 87 67 1 -0.807763 0.068931 
2 50 58 74 78 65 2 -0.866511 0.057037 
2 51 73 83 83 96 1 -1.073700 0.064561 
2 52 87 79 108 61 1 -0.737239 0.064642 
2 53 47 67 55 36 3 -1.405969 0.069498 
2 54 86 82 112 64 2 -0.444226 0.072667 
2 55 56 76 71 33 0 -1.079225 0.059359 
2 56 67 81 86 64 3 -0.587088 0.067697 
2 57 88 91 106 110 1 1.240230 0.073209 
2 58 77 66 78 50 0 -0.457310 0.065815 
2 59 76 90 76 102 3 -1.567117 0.034868 
2 60 89 54 96 33 0 -0.456442 0.064896 
2 61 82 90 107 110 1 1.076144 0.069256 
2 62 73 70 71 44 0 -0.594713 0.061359 
2 63 61 64 47 21 0 1.204940 0.057044 
2 64 106 52 108 51 3 0.574644 0.037434 
2 65 69 90 86 99 1 -1.458578 0.030263 
2 66 81 62 107 80 1 -1.006559 0.064766 
2 67 89 83 100 82 3 0.284639 0.068788 
2 68 89 62 92 42 0 -0.246524 0.061905 
2 69 87 99 102 81 3 0.496741 0.042825 
2 70 83 73 108 94 1 -0.943877 0.061295 
2 71 61 63 53 45 3 0.115802 0.068209 
2 72 93 89 116 84 2 -0.228591 0.064474 
2 73 70 78 80 65 3 -0.525742 0.065102 
2 74 65 72 57 30 0 1.212858 0.056784 
2 75 94 86 115 96 1 0.379527 0.065216 
2 76 72 69 80 66 2 1.460249 0.067068 
2 77 80 70 67 29 0 1.032815 0.078312 
2 78 75 78 87 46 3 -1.246983 0.066754 
2 79 89 75 100 61 3 -0.850733 0.068817 
2 80 75 76 76 43 3 -1.440377 0.065803 
2 81 86 66 89 58 2 1.564657 0.059427 
2 82 90 66 115 58 2 0.080790 0.066301 
2 83 75 51 64 41 0 0.073121 0.066616 
2 84 95 83 94 57 0 0.436790 0.073739 
2 85 90 84 111 89 1 0.252359 0.082514 
2 86 100 76 111 75 1 -0.218996 0.020592 
2 87 83 86 97 81 3 -0.331207 0.063555 
2 88 95 83 108 86 1 -0.574482 0.066229 
2 89 90 72 104 64 2 -1.186323 0.060856 
2 90 74 79 101 97 1 -1.051792 0.058963 
2 91 82 78 108 96 1 -0.992998 0.061334 
2 92 81 90 116 92 2 0.099087 0.072235 
2 93 75 84 100 98 2 -0.990656 0.052681 
2 94 66 53 84 69 1 -1.426617 0.061609 
2 95 74 78 96 90 2 -1.128090 0.060333 
2 96 78 84 104 71 2 -0.499022 0.069722 
2 97 81 79 84 40 0 -1.470712 0.044333 
2 98 94 61 98 72 1 1.283296 0.065914 
2 99 90 63 112 38 2 -0.611743 0.048648 
2 100 73 77 72 76 1 -0.173745 0.526901 
2 101 72 79 108 69 2 -0.219923 0.067755 
2 102 52 72 30 49 0 0.099278 0.064901 
2 103 62 53 62 53 3 0.605761 0.055896 
2 104 98 85 110 101 1 1.432897 0.066871 
3 0 76 80 108 86 2 -1.362003 0.098295 
3 1 89 64 109 51 3 1.096013 0.190197 
3 2 76 46 93 39 2 -1.545468 0.082136 
3 3 90 82 101 79 1 0.968355 0.157522 
3 4 83 63 97 61 2 1.360456 0.168443 
3 5 68 57 72 35 0 0.557847 0.140679 
3 6 86 69 99 68 2 -1.459422 0.123609 
3 7 73 83 75 60 0 0.503199 0.091882 
3 8 83 93 95 92 2 1.247242 0.102561 
3 9 77 83 85 77 2 0.950525 0.150148 
3 10 83 88 103 89 2 -1.532674 0.126746 
3 11 85 90 110 93 1 -1.311554 0.091331 
3 12 89 71 98 69 0 -1.266998 0.113072 
3 13 68 47 71 46 0 1.537883 0.136612 
3 14 39 91 45 90 2 0.276599 0.103417 
3 15 104 80 105 78 3 0.894792 0.054597 
3 16 70 78 76 66 0 -1.558237 0.168433 
3 17 96 72 105 64 0 1.195388 0.092791 
3 18 73 75 91 79 2 1.003159 0.124801 
3 19 74 67 89 66 2 1.567164 0.122518 
3 20 79 77 73 45 0 -0.173699 0.166475 
3 21 60 84 73 112 2 -0.231649 0.137957 
3 22 91 63 111 61 2 -1.546695 0.118282 
3 23 92 57 93 49 3 -1.264914 0.170512 
3 24 93 88 92 75 0 -1.470084 0.143795 
3 25 84 58 95 42 0 1.102768 0.143376 
3 26 83 55 92 32 3 0.782960 0.100804 
3 27 69 73 84 55 0 0.893749 0.132405 
3 28 71 72 76 63 0 1.245309 0.180076 
3 29 81 88 98 84 1 1.301186 0.151122 
3 30 81 80 96 66 0 0.998879 0.170323 
3 31 47 65 67 53 2 1.099971 0.127756 
3 32 79 73 69 63 0 -1.184666 0.127333 
3 33 54 80 68 63 0 1.234383 0.161902 
3 34 92 58 103 49 1 1.256412 0.086280 
3 35 73 84 106 93 1 1.466337 0.102028 
3 36 62 68 72 68 2 1.309195 0.122220 
3 37 71 61 96 50 1 1.328505 0.056220 
3 38 73 55 80 29 0 -0.007294 0.139901 
3 39 62 86 64 86 3 0.030256 0.148088 
3 40 87 83 91 77 1 0.016903 0.146897 
3 41 82 74 85 79 2 0.109572 0.147175 
3 42 73 52 88 32 3 0.743033 0.134397 
3 43 73 81 85 97 2 -0.197359 0.101796 
3 44 67 67 58 33 0 -0.193632 0.108210 
3 45 58 95 84 114 2 -0.621722 0.077594 
3 46 66 79 93 80 1 1.079222 0.115304 
3 47 93 78 106 71 0 1.447737 0.157187 
3 48 71 59 91 58 3 1.366890 0.115424 
3 49 101 51 103 34 3 -0.158144 0.085193 
3 50 87 64 112 65 1 -1.312325 0.108412 
3 51 85 76 97 94 2 -0.637410 0.117188 
3 52 83 53 83 40 3 -0.116345 0.140918 
3 53 95 63 103 75 2 -0.210949 0.094305 
3 54 92 77 102 70 0 1.210513 0.113370 
3 55 71 85 81 80 3 0.941373 0.139052 
3 56 90 83 113 81 2 -1.456560 0.144499 
3 57 106 79 118 80 3 -1.443320 0.111593 
3 58 92 69 103 69 2 -1.337636 0.131623 
3 59 76 80 98 91 2 -0.481548 0.120239 
3 60 92 52 101 49 3 -1.160793 0.114578 
3 61 75 48 78 41 0 -0.859174 0.132491 
3 62 97 82 110 77 1 1.414374 0.103707 
3 63 74 67 93 52 1 0.738258 0.130251 
3 64 78 59 91 46 0 0.619166 0.131966 
3 65 67 69 79 56 0 0.582145 0.158795 
3 66 71 54 73 54 3 -0.924958 0.103060 
3 67 90 64 102 64 3 -1.091232 0.118263 
3 68 88 70 103 61 0 1.285212 0.135908 
3 69 61 72 59 41 0 -0.449759 0.147973 
3 70 66 68 87 55 3 1.089387 0.127810 
3 71 74 74 105 85 2 1.568834 0.169155 
3 72 81 70 68 64 0 -1.506882 0.125995 
3 73 85 55 70 51 0 1.543961 0.072867 
3 74 83 86 74 70 0 -1.306466 0.115331 
3 75 89 72 106 66 1 -1.368708 0.081038 
3 76 84 71 110 72 2 1.516932 0.127079 
3 77 91 60 105 61 1 -1.402832 0.156163 
3 78 59 74 86 86 2 -0.964786 0.109038 
3 79 68 85 100 86 2 -1.211032 0.178665 
3 80 82 71 96 70 2 -1.528840 0.115331 
3 81 80 81 99 89 2 -0.796578 0.109834 
3 82 73 71 97 84 1 -0.849177 0.110813 
3 83 53 65 54 42 0 -0.448279 0.125950 
3 84 70 64 86 48 0 0.886410 0.135841 
3 85 59 69 90 62 2 1.079640 0.128195 
3 86 76 58 102 56 1 1.346745 0.203445 
3 87 86 66 85 41 0 -0.056163 0.152381 
3 88 87 96 93 99 1 -0.567131 0.122448 
3 89 82 76 89 48 0 -0.070334 0.106689 
3 90 75 57 88 84 2 -0.419841 0.113155 
3 91 72 63 67 36 0 -0.344615 0.120448 
3 92 93 79 103 108 1 0.056113 0.121181 
3 93 95 73 100 66 3 -0.303829 0.105232 
3 94 79 68 87 76 2 0.130973 0.157945 
3 95 82 71 88 76 2 -0.306295 0.126026 
3 96 97 57 102 56 2 -0.058237 0.094662 
3 97 94 73 94 72 1 -0.276677 0.099131 
3 98 85 63 84 35 0 0.056330 0.148652 
3 99 80 83 100 80 1 1.429275 0.112962 
4 0 105 40 105 39 1 1.143805 0.371432 
4 1 79 91 91 80 1 -0.348927 0.068848 
5 0 90 81 102 67 3 0.802847 0.014581 
6 0 100 76 111 76 2 -1.446795 0.041736 
6 1 92 60 117 58 2 -0.507448 0.012378 
6 2 61 67 94 88 2 0.290138 0.010058 
6 3 76 57 65 30 0 -1.379316 0.007147 
6 4 61 62 52 29 0 1.494119 0.015848 
6 5 68 84 92 91 2 0.580161 0.056306 
6 6 65 70 54 28 0 1.492046 0.017278 
6 7 73 70 109 88 1 0.652827 0.006364 
6 8 80 59 108 44 2 -0.069976 0.033665 
6 9 84 56 98 57 2 0.375706 0.099589 
6 10 75 61 106 57 1 -0.487931 0.006852 
6 11 63 66 65 32 0 -0.846109 0.017280 
6 12 76 77 81 72 2 -0.379289 0.009861 
6 13 55 81 79 91 1 0.431512 0.012559 
6 14 71 87 105 92 1 0.185500 0.014017 
6 15 83 77 117 81 2 -0.477996 0.009818 
6 16 66 60 57 58 3 -0.551082 0.006287 
6 17 98 38 106 15 3 -1.396462 0.030468 
6 18 68 77 105 90 1 0.027163 0.014798 
6 19 86 88 107 94 1 -0.779798 0.028980 
6 20 74 77 111 96 1 0.242810 0.008996 
6 21 74 61 96 14 3 -0.762377 0.030402 
6 22 70 67 59 33 0 -1.100520 0.007121 
6 23 38 83 63 87 1 -0.116603 0.023217 
6 24 95 91 112 103 2 1.273219 0.012836 
6 25 79 41 97 15 3 -1.403485 0.005715 
6 26 42 93 54 92 2 0.202373 0.041826 
6 27 86 86 115 96 2 -0.438881 0.011717 
6 28 89 91 108 114 1 0.401112 0.005270 
6 29 60 52 46 40 0 1.017129 0.006198 
6 30 44 98 80 104 2 0.130774 0.065234 
6 31 89 62 104 25 3 -0.517876 0.006915 
6 32 96 63 111 59 2 -0.388234 0.084614 
6 33 71 77 96 82 1 0.296644 0.003760 
6 34 90 52 99 64 2 -1.103712 0.004449 
6 35 88 75 115 69 2 -0.295874 0.013632 
6 36 88 72 101 34 0 -0.490961 0.004807 
6 37 75 85 103 98 1 0.492420 0.008912 
6 38 89 83 116 90 2 -0.347581 0.014380 
6 39 60 88 59 45 0 -0.660594 0.004380 
6 40 75 79 93 101 2 -0.657041 0.007390 
6 41 87 95 106 111 1 0.150629 0.029217 
6 42 70 84 102 105 1 0.132454 0.011809 
6 43 90 75 118 83 2 -0.133066 0.010467 
6 44 88 79 87 48 0 -0.208400 0.004031 
6 45 71 68 97 101 2 0.400405 0.007637 
6 46 75 51 79 25 0 -0.641710 0.016090 
6 47 70 65 96 72 2 0.266143 0.007396 
6 48 75 74 93 89 2 0.145451 0.014661 
6 49 83 92 117 91 2 -0.376543 0.011664 
6 50 72 78 103 86 3 -0.746386 0.015575 
6 51 64 58 68 54 2 -0.602813 0.004345 
6 52 98 75 115 90 1 1.518406 0.024253 
6 53 80 98 103 110 1 0.203822 0.034736 
6 54 37 74 39 31 0 -0.574540 0.005945 
6 55 57 84 44 43 0 -0.920723 0.008574 
6 56 81 82 113 97 2 0.506891 0.009677 
6 57 60 89 91 115 2 1.426687 0.003878 
6 58 73 88 96 97 1 0.224940 0.011585 
6 59 78 87 111 107 1 0.168348 0.047836 
6 60 63 80 65 39 0 -1.136161 0.009913 
6 61 64 57 97 80 2 0.524064 0.006448 
6 62 97 79 116 97 1 1.229674 0.021115 
6 63 69 78 106 91 1 0.282872 0.010263 
6 64 78 63 69 29 0 -0.419823 0.015590 
6 65 73 58 107 85 1 -0.027618 0.005497 
6 66 75 59 74 25 0 -1.302678 0.015114 
6 67 81 86 111 102 0 0.200981 0.005991 
6 68 74 42 55 13 3 1.184460 0.006259 
6 69 60 88 102 116 2 0.182957 0.003594 
6 70 74 91 106 97 1 -0.558213 0.010651 
6 71 53 86 98 111 3 -0.273600 0.003320 
6 72 73 50 104 43 2 -0.867164 0.008495 
6 73 57 89 53 51 0 1.468729 0.013723 
6 74 70 55 99 60 1 -0.362623 0.002168 
6 75 63 66 55 41 0 1.555267 0.015098 
6 76 38 92 62 108 0 0.507471 0.041016 
6 77 77 70 66 57 0 -0.453944 0.013863 
6 78 58 78 61 43 0 -1.108203 0.026607 
6 79 56 64 53 34 0 -1.381642 0.004687 
6 80 89 85 115 104 1 0.385152 0.015310 
6 81 72 86 101 95 1 0.608109 0.015011 
6 82 66 69 60 47 0 -1.402654 0.010790 
6 83 44 85 42 40 0 1.402199 0.025193 
6 84 48 98 60 109 1 0.121707 0.026264 
6 85 81 78 101 82 1 -0.059564 0.011708 
6 86 47 66 69 70 1 0.159278 0.012904 
6 87 90 56 90 54 1 -0.714752 0.004772 
6 88 84 53 103 63 1 0.879680 0.035108 
6 89 90 53 77 31 0 -1.070266 0.003820 
6 90 80 87 98 105 2 -1.294847 0.004491 
6 91 79 97 101 114 1 0.176058 0.031114 
6 92 95 91 108 104 1 1.459638 0.015105 
6 93 81 77 78 42 0 -0.286330 0.002953 
6 94 105 56 117 39 3 -1.440418 0.092314 
6 95 74 69 66 29 0 1.320896 0.010872 
6 96 78 69 106 91 2 0.074762 0.039538 
6 97 92 89 110 105 1 0.583652 0.006675 
6 98 77 77 116 90 2 -0.099462 0.006767 
6 99 61 92 101 115 1 0.738644 0.002839 
6 100 93 89 105 101 2 0.932789 0.015964 
6 101 80 74 110 82 2 0.817891 0.015291 
6 102 69 87 104 111 1 -1.570678 0.000642 
7 0 86 14 86 14 3 -0.003110 0.049570 
8 0 81 91 76 75 0 1.285391 0.070748 
9 0 65 37 65 37 0 -0.792921 0.100785 
10 0 60 65 53 58 0 1.568153 0.059674 
10 1 63 79 66 75 2 0.824750 0.077543 
10 2 69 76 73 73 2 1.338925 0.041898 
11 0 46 88 80 98 2 -0.030719 0.032079 
12 0 73 96 73 93 2 0.983812 0.100183 
13 0 75 93 86 100 1 0.811209 0.048457 
14 0 65 35 93 39 1 -1.146141 0.023959 
14 1 95 70 109 76 2 0.330837 0.053278 
15 0 84 85 103 90 2 -1.443129 0.012765 
15 1 87 84 113 99 1 0.902139 0.050272 
15 2 83 85 97 97 2 0.648640 0.073753 
