19 1 1
94 5.000000
-40.000000 
125.000000 
294.000000 -0.500812 9 0.000000 
306.000000 -313.053469 4 0.000000 
317.000000 -588.661255 11 0.000000 
330.000000 -1092.839029 6 0.000000 
336.000000 -1174.538986 6 0.000000 
260.000000 1130.608541 9 0.000000 
254.000000 1227.655570 9 0.000000 
273.000000 513.230535 3 0.000000 
282.000000 368.411148 2 0.000000 
323.000000 -819.515166 3 0.000000 
342.000000 -1427.465475 4 0.000000 
353.000000 -1687.352442 3 0.000000 
360.000000 -2020.983708 5 0.000000 
372.000000 -2292.856089 4 0.000000 
381.000000 -2659.597530 4 0.000000 
391.000000 -2903.790174 4 0.000000 
403.000000 -3190.820104 3 0.000000 
412.000000 -3549.878920 3 0.000000 
419.000000 -3726.081668 2 0.000000 
