YARPCanonicalStats: /ai/ai/mb/cdp/src/YARP/state/canonical/stats.txt
m_goodneurons: 4
m_size: 40
m_nbins: 8
m_threshold: 50
pointiness: 0.028321 0.069643 0.125875 0.016964 
probability:
0.192308 0.192308 0.144231 0.182692 0.057692 0.086538 0.076923 0.067308 
0.361905 0.142857 0.066667 0.076190 0.076190 0.104762 0.066667 0.104762 
0.040000 0.010000 0.020000 0.040000 0.050000 0.160000 0.320000 0.360000 
0.242718 0.223301 0.194175 0.174757 0.058252 0.048544 0.019417 0.038835 

object: 0
action: 1
0.000000 3.652098 0.000000 5.896242 0.000000 0.000000 2.289461 0.000000 
action: 2
2.893170 4.423239 5.535350 3.423492 0.000000 0.000000 0.000000 1.675054 
action: 3
2.818946 4.401284 5.592907 0.000000 1.567763 0.000000 2.361098 3.006785 
action: 4
0.000000 0.000000 2.057577 0.000000 0.000000 3.813792 0.000000 0.000000 

object: 1
action: 1
2.382289 6.688302 9.650792 15.770834 0.000000 0.000000 1.928078 0.000000 
action: 2
0.000000 0.000000 4.369877 2.016136 0.000000 2.903928 4.378197 0.000000 
action: 3
0.000000 0.000000 0.000000 1.200185 1.642454 2.880017 8.831089 11.207645 
action: 4
1.994456 1.400870 0.000000 0.000000 10.322061 0.000000 7.211022 0.000000 

object: 2
action: 1
0.000000 5.959219 6.534233 3.512493 1.640623 0.000000 0.000000 10.187799 
action: 2
0.000000 0.000000 0.000000 7.534119 6.252062 0.000000 0.000000 0.000000 
action: 3
0.288584 0.000000 5.725973 6.241565 6.667407 0.000000 7.527654 3.829466 
action: 4
0.000000 0.000000 5.465344 0.000000 0.000000 0.831447 0.000000 3.500537 

object: 3
action: 1
0.000000 0.000000 0.000000 9.135003 6.104235 5.492237 3.054234 0.000000 
action: 2
6.829600 7.470683 0.000000 3.205196 0.000000 0.000000 3.461530 5.877377 
action: 3
6.315677 8.020333 0.000000 0.000000 0.000000 0.000000 3.738066 5.516133 
action: 4
0.000000 0.000000 0.000000 0.000000 5.363813 0.000000 5.432630 0.000000 

object: 0
-1.000000 1.000000 3.000000 0.000000 2.000000 0.000000 -1.000000 2.000000 
1.000000 2.000000 1.000000 1.000000 2.000000 -1.000000 2.000000 1.000000 
2.000000 1.000000 1.000000 0.000000 1.000000 -1.000000 0.000000 1.000000 
0.000000 0.000000 0.000000 0.000000 0.000000 -1.000000 0.000000 0.000000 
-1.000000 -1.000000 3.000000 0.000000 3.000000 0.000000 3.000000 2.000000 
-1.000000 3.000000 3.000000 -1.000000 -1.000000 3.000000 -1.000000 -1.000000 
-1.000000 -1.000000 -1.000000 -1.000000 3.000000 -1.000000 3.000000 -1.000000 
-1.000000 0.000000 -1.000000 1.000000 -1.000000 1.000000 -1.000000 -1.000000 

object: 1
1.000000 3.000000 -1.000000 -1.000000 -1.000000 -1.000000 1.000000 -1.000000 
0.000000 0.000000 1.000000 2.000000 1.000000 1.000000 1.000000 -1.000000 
0.000000 0.000000 0.000000 1.000000 -1.000000 1.000000 -1.000000 1.000000 
0.000000 0.000000 0.000000 0.000000 2.000000 -1.000000 0.000000 -1.000000 
-1.000000 -1.000000 3.000000 2.000000 3.000000 0.000000 0.000000 0.000000 
-1.000000 3.000000 -1.000000 -1.000000 2.000000 0.000000 3.000000 -1.000000 
-1.000000 3.000000 -1.000000 3.000000 2.000000 1.000000 3.000000 3.000000 
2.000000 -1.000000 -1.000000 2.000000 -1.000000 -1.000000 2.000000 2.000000 

object: 2
3.000000 -1.000000 1.000000 2.000000 2.000000 3.000000 -1.000000 -1.000000 
2.000000 -1.000000 -1.000000 -1.000000 0.000000 2.000000 2.000000 2.000000 
2.000000 -1.000000 -1.000000 -1.000000 0.000000 -1.000000 2.000000 2.000000 
0.000000 -1.000000 -1.000000 -1.000000 0.000000 -1.000000 0.000000 0.000000 
-1.000000 0.000000 -1.000000 -1.000000 3.000000 -1.000000 0.000000 0.000000 
1.000000 0.000000 0.000000 0.000000 0.000000 0.000000 -1.000000 3.000000 
-1.000000 0.000000 3.000000 0.000000 -1.000000 -1.000000 -1.000000 -1.000000 
2.000000 -1.000000 1.000000 1.000000 2.000000 3.000000 -1.000000 2.000000 

object: 3
1.000000 1.000000 2.000000 -1.000000 2.000000 -1.000000 1.000000 1.000000 
1.000000 1.000000 0.000000 1.000000 1.000000 -1.000000 -1.000000 1.000000 
-1.000000 1.000000 -1.000000 3.000000 -1.000000 0.000000 0.000000 -1.000000 
-1.000000 -1.000000 -1.000000 0.000000 0.000000 0.000000 0.000000 0.000000 
-1.000000 -1.000000 -1.000000 -1.000000 3.000000 0.000000 0.000000 -1.000000 
-1.000000 -1.000000 -1.000000 -1.000000 3.000000 -1.000000 3.000000 -1.000000 
-1.000000 -1.000000 -1.000000 -1.000000 -1.000000 -1.000000 2.000000 2.000000 
2.000000 -1.000000 -1.000000 -1.000000 -1.000000 2.000000 1.000000 2.000000 

action: 1, mean: -1.607926, std: 1.021891
action: 2, mean: 0.434869, std: 0.652019
action: 3, mean: 0.272101, std: 0.629540
action: 4, mean: -0.931171, std: 0.859800
