size: 23

unit: 0
gaze
-0.052765 1.237194 
map
5
420
459.661905 264.421429 230.319048 600.190476 
28.350000 87.288095 
2
403.000000 263.500000 302.500000 589.000000 
34.500000 89.500000 
42
460.809524 259.500000 309.285714 669.333333 
22.595238 83.000000 
3
381.666667 262.000000 358.000000 568.333333 
39.000000 90.333333 
4
454.500000 270.000000 193.500000 479.000000 
19.250000 93.000000 

unit: 1
gaze
-0.002122 1.286071 
map
6
76
440.065790 260.078947 281.552632 637.328947 
22.421053 76.828947 
1519
444.996708 264.095458 228.683344 595.258723 
27.585912 86.346281 
43
387.232558 262.651163 323.255814 575.046512 
34.953488 88.860465 
79
449.253165 259.784810 322.215190 664.025316 
21.987342 79.075949 
2
437.500000 263.500000 157.500000 591.500000 
22.000000 88.000000 
5
458.200000 259.800000 331.200000 734.200000 
22.800000 70.800000 

unit: 2
gaze
-0.104950 1.287805 
map
5
539
382.870130 261.476809 324.179963 572.287570 
34.439703 89.055659 
321
421.348910 265.074766 265.601246 581.940810 
34.155763 88.760125 
16
451.500000 264.937500 223.562500 597.875000 
26.625000 92.187500 
8
345.500000 260.750000 381.625000 631.000000 
36.625000 88.000000 
4
371.750000 262.500000 340.250000 514.750000 
36.750000 93.000000 

unit: 3
gaze
0.056252 1.240552 
map
9
30
405.700000 263.433334 290.433333 584.933333 
33.433334 92.866667 
653
499.349157 263.019908 186.326187 602.226646 
20.329250 93.444104 
94
477.393617 260.319149 290.234043 683.840426 
17.180851 90.053192 
260
492.250000 261.750000 216.134616 633.903846 
18.557692 84.519231 
27
476.888889 255.851852 329.185185 623.777778 
19.555556 94.592593 
18
459.500000 252.611111 424.000000 660.944444 
18.722222 93.888889 
20
442.150000 247.950000 536.450000 672.000000 
18.150000 93.150000 
4
433.750000 239.500000 611.750000 656.750000 
14.250000 100.500000 
16
458.062500 264.437500 226.500000 597.750000 
27.812500 89.187500 

unit: 4
gaze
0.091723 1.304695 
map
4
285
457.901754 262.807017 209.266667 606.371929 
24.000000 94.045614 
9
400.333333 262.000000 297.444444 575.555556 
31.555555 88.666667 
11
475.454546 260.818182 281.090909 710.090909 
17.181818 69.727273 
8
495.250000 259.500000 198.625000 665.125000 
13.625000 77.875000 

unit: 5
gaze
0.160297 1.354723 
map
2
18
445.111111 263.000000 208.888889 597.000000 
24.444444 101.277778 
53
495.169811 259.622642 197.264151 666.339623 
13.754717 76.735849 

unit: 6
gaze
0.228452 1.392877 
map
1
12
448.083333 263.250000 203.666667 592.166667 
24.916667 103.916667 

unit: 7
gaze
-0.151193 1.205921 
map
2
66
438.424242 264.075758 271.136364 603.363636 
34.878788 86.000000 
1
380.000000 262.000000 353.000000 571.000000 
38.000000 91.000000 

unit: 8
gaze
-0.116980 1.386029 
map
5
472
370.334746 261.408898 325.514831 536.834746 
35.046610 85.872881 
14
431.785714 265.857143 222.857143 560.142857 
30.071429 89.857143 
5
351.200000 254.000000 375.600000 608.600000 
40.200000 94.800000 
3
332.666667 258.666667 441.000000 518.000000 
13.333333 100.666667 
10
335.000000 260.400000 360.200000 487.000000 
34.000000 87.000000 

unit: 9
gaze
-0.192438 1.378188 
map
2
295
351.962712 261.159322 350.250847 507.847458 
37.166102 83.003390 
8
424.125000 264.625000 242.375000 567.125000 
31.000000 85.375000 

unit: 10
gaze
0.069730 1.372253 
map
5
416
438.355769 263.560096 220.966346 594.252404 
24.899038 91.918269 
25
377.320000 261.680000 309.440000 564.000000 
32.120000 92.600000 
126
419.380952 263.095238 239.198413 594.261905 
23.880952 83.111111 
4
498.250000 261.750000 202.000000 633.250000 
19.750000 72.000000 
17
427.117647 261.176471 301.117647 649.235294 
18.764706 81.823529 

unit: 11
gaze
-0.048060 1.358518 
map
8
421
412.410926 263.876484 261.033254 575.456057 
32.712589 87.864608 
160
371.687500 260.543750 315.125000 568.112500 
31.425000 88.431250 
267
427.805243 265.501873 231.790262 563.438202 
31.505618 87.655431 
31
368.741935 261.548387 327.387097 524.387097 
35.354839 86.548387 
2
462.000000 266.500000 159.000000 455.000000 
19.000000 92.000000 
12
442.666667 263.916667 156.833333 585.083333 
34.500000 95.166667 
11
358.181818 256.636364 445.545455 587.636364 
36.363636 88.727273 
12
363.416667 248.666667 537.916667 574.666667 
37.166667 88.083333 

unit: 12
gaze
0.227174 1.279609 
map
1
10
428.300000 264.200000 266.000000 575.500000 
31.800000 91.000000 

unit: 13
gaze
-0.353217 1.383012 
map
1
10
432.700000 264.600000 235.600000 588.000000 
29.800000 88.900000 

unit: 14
gaze
-0.437205 1.409631 
map
1
10
430.600000 264.100000 242.000000 587.800000 
30.900000 85.800000 

unit: 15
gaze
0.125721 1.217550 
map
2
3
416.333333 265.000000 283.333333 591.000000 
35.666667 97.000000 
3
456.666667 264.333333 224.666667 610.333333 
24.333333 78.000000 

unit: 16
gaze
-0.089804 1.167968 
map
1
5
424.600000 265.600000 234.600000 570.800000 
32.400000 90.000000 

unit: 17
gaze
-0.174702 1.294196 
map
4
217
374.792627 262.447005 346.248848 542.663594 
37.281106 89.917051 
2
405.500000 258.000000 393.500000 572.000000 
39.000000 86.500000 
5
433.800000 265.600000 223.600000 565.200000 
31.600000 92.800000 
5
461.600000 268.600000 176.800000 446.600000 
36.000000 80.600000 

unit: 18
gaze
0.128806 1.144182 
map
1
2
456.000000 264.000000 227.000000 608.500000 
22.000000 79.000000 

unit: 19
gaze
-0.246285 1.427973 
map
2
4
432.750000 264.750000 224.000000 550.250000 
30.750000 85.000000 
14
339.785714 261.071429 360.928571 499.428571 
36.000000 81.214286 

unit: 20
gaze
-0.557934 1.465939 
map
2
4
436.500000 264.750000 226.250000 591.250000 
25.000000 85.750000 
2
363.500000 262.000000 332.000000 517.500000 
37.500000 84.000000 

unit: 21
gaze
-0.380241 1.451625 
map
2
3
437.000000 264.333333 227.666667 588.666667 
22.666667 84.333333 
1
364.000000 263.000000 335.000000 517.000000 
37.000000 84.000000 

unit: 22
gaze
-0.613893 1.533356 
map
1
3
363.000000 261.333333 329.333333 514.666667 
38.000000 83.666667 

