72 -1.09968 -7.07142 
65 3.22766 8.83167 
58 2.2145 -3.81824 
51 3.82366 -0.428665 
74 -7.24875 -2.24516 
67 6.43024 4.64024 
60 5.02194 -4.66706 
53 10.6475 3.25539 
76 1.93018 -3.96828 
62 -2.42581 7.05446 
55 1.7183 -4.3101 
64 0.186268 8.38452 
57 -5.94187 -3.26322 
50 -5.30194 -4.9807 
73 -0.979887 -7.23029 
66 0.557766 9.6378 
59 6.31575 1.70409 
52 9.53942 -3.00555 
75 -4.61429 0.133291 
68 3.87412 6.72538 
61 1.50384 9.112 
54 -0.872777 -1.72343 
77 -5.3585 -3.67203 
63 2.72139 7.50424 
56 -5.84549 -2.8634 
