62 70.28
59 70.30
50 100.99
56 103.22
77 103.43
75 103.43
74 103.43
57 103.44
54 106.96
55 109.22
51 109.42
58 109.44
50 120.75
62 121.32
59 121.33
56 122.89
77 123.11
75 123.11
74 123.11
57 123.11
54 127.77
55 129.59
51 130.86
50 6496.56
56 6498.71
77 6498.91
75 6498.91
74 6498.91
57 6498.92
54 6502.09
55 6504.35
51 6504.55
58 6504.56
62 6509.47
59 6509.47
50 6516.19
56 6518.48
77 6518.69
75 6518.69
74 6518.69
57 6518.70
54 6521.78
55 6524.04
51 6524.24
58 6524.27
62 6532.48
59 6532.49
50 6535.29
56 6537.48
77 6537.70
75 6537.71
74 6537.71
57 6537.71
54 6540.89
55 6543.15
51 6543.36
58 6543.38
62 6550.67
59 6550.68
50 6554.70
56 6556.84
77 6557.05
75 6557.05
74 6557.06
57 6557.06
54 6560.14
55 6562.40
51 6562.60
58 6562.61
62 6569.53
59 6569.55
50 6577.41
56 6579.55
77 6579.77
75 6579.77
74 6579.77
57 6579.78
54 6582.68
55 6584.94
51 6585.15
58 6585.17
62 6593.59
59 6593.60
50 6596.04
56 6598.22
77 6598.45
75 6598.45
74 6598.45
57 6598.45
54 6600.88
55 6603.14
51 6603.34
58 6603.36
62 6611.28
59 6611.29
50 6614.13
56 6616.28
77 6616.50
75 6616.50
74 6616.51
57 6616.51
54 6619.24
55 6621.51
51 6621.71
58 6621.73
62 6629.65
59 6629.67
50 6632.76
56 6634.91
77 6635.15
75 6635.15
74 6635.15
57 6635.15
54 6638.11
55 6640.37
51 6640.57
58 6640.62
62 6642.74
59 6642.74
50 6735.92
56 6738.15
77 6738.38
75 6738.38
74 6738.38
76 6738.38
57 6738.39
54 6740.76
55 6743.02
51 6743.22
58 6743.26
62 6751.21
59 6751.22
50 6754.03
56 6756.18
57 6756.24
54 6759.43
55 6761.70
51 6761.90
58 6761.92
62 6769.12
59 6769.14
50 7746.51
56 7748.65
57 7748.72
54 7751.47
55 7753.73
51 7753.94
58 7753.96
62 7757.05
59 7757.05
50 9017.60
56 9019.97
57 9020.04
54 9024.85
55 9026.51
51 9027.77
58 9027.80
62 9029.36
59 9029.36
50 9043.81
56 9045.96
57 9046.03
54 9049.96
55 9052.22
51 9052.42
58 9052.44
62 9054.58
59 9054.58
50 9307.02
56 9308.47
77 9308.69
75 9308.69
74 9308.69
57 9308.69
54 9311.49
55 9313.75
51 9313.95
58 9313.97
62 9321.41
59 9321.43
50 9822.64
56 9824.89
77 9825.09
75 9825.09
74 9825.09
57 9825.09
54 9827.98
55 9830.24
51 9830.44
58 9830.48
62 9838.72
59 9838.74
50 9941.38
52 9943.00
53 9944.80
51 9945.00
60 9945.01
62 9956.73
61 9956.74
63 9956.75
64 9956.75
65 9956.85
66 9956.85
50 9962.17
52 9964.52
53 9966.32
51 9966.53
60 9966.56
62 9975.45
61 9975.47
63 9975.47
64 9975.47
65 9975.57
66 9975.57
50 9985.11
56 9987.34
72 9987.34
73 9987.34
74 9987.39
75 9987.59
76 9987.59
57 9987.59
57 9987.59
54 9990.37
55 9992.63
51 9992.83
58 9992.87
62 10000.50
59 10000.50
50 10003.80
56 10006.00
77 10006.20
75 10006.20
74 10006.20
57 10006.20
54 10009.00
55 10011.30
51 10011.50
58 10011.50
62 10013.70
59 10013.70
50 10036.10
52 10037.60
53 10039.40
51 10039.60
60 10039.60
62 10053.00
61 10053.00
63 10053.00
64 10053.00
65 10053.10
66 10053.10
50 10080.20
56 10082.40
72 10082.40
73 10082.40
74 10082.40
75 10082.60
76 10082.60
57 10082.60
57 10082.60
54 10085.60
55 10087.90
51 10088.10
58 10088.10
62 10095.30
59 10095.30
50 10131.90
52 10134.20
53 10136.00
51 10136.20
60 10136.20
62 10145.00
61 10145.00
63 10145.00
64 10145.00
65 10145.10
66 10145.10
50 10161.60
56 10163.20
72 10163.20
73 10163.20
74 10163.20
75 10163.40
76 10163.40
74 10163.40
57 10163.40
54 10168.00
55 10170.00
51 10171.30
58 10171.30
62 10178.00
59 10178.00
50 10191.40
52 10192.80
53 10194.60
51 10194.80
60 10194.90
62 10202.50
61 10202.50
63 10202.60
64 10202.60
65 10202.70
66 10202.70
50 10241.20
52 10243.50
53 10245.30
51 10245.50
60 10245.50
62 10254.10
61 10254.10
63 10254.10
64 10254.10
65 10254.20
66 10254.20
50 10268.90
56 10270.50
72 10270.50
73 10270.50
74 10270.60
75 10270.80
76 10270.80
57 10270.80
57 10270.80
54 10273.10
55 10275.30
51 10275.50
58 10275.60
62 10286.10
59 10286.20
50 10315.30
56 10317.40
77 10317.60
75 10317.60
74 10317.60
57 10317.60
54 10320.00
55 10322.30
51 10322.50
58 10322.50
62 10333.40
59 10333.40
50 10544.30
56 10546.40
77 10546.60
75 10546.60
76 10546.60
57 10546.60
54 10549.20
55 10551.50
51 10551.70
58 10551.70
62 10559.10
59 10559.10
50 11360.90
56 11363.00
77 11363.20
75 11363.20
76 11363.20
57 11363.30
54 11366.40
55 11368.60
51 11368.80
58 11368.90
62 11376.00
59 11376.00
50 13759.70
52 13761.30
53 13763.10
51 13763.30
60 13763.40
62 13766.60
61 13766.60
50 13808.30
56 13810.40
77 13810.70
75 13810.70
74 13810.70
57 13810.70
54 13813.40
55 13815.70
51 13815.90
58 13815.90
62 13823.30
59 13823.30
63 13823.30
67 13823.30
68 13823.30
64 13823.40
50 13834.10
56 13836.20
77 13836.40
75 13836.40
76 13836.40
57 13836.40
54 13839.20
55 13841.50
51 13841.70
58 13841.70
62 13849.10
59 13849.20
63 13849.20
67 13849.20
68 13849.20
64 13849.20
50 13860.20
56 13862.30
77 13862.60
75 13862.60
74 13862.60
57 13862.60
54 13865.50
55 13867.70
51 13867.90
58 13868.00
62 13869.90
59 13869.90
50 13882.50
56 13884.60
77 13884.80
75 13884.80
74 13884.80
57 13884.80
54 13889.40
55 13891.00
51 13892.20
58 13892.30
62 13899.20
59 13899.20
63 13899.20
67 13899.20
68 13899.20
64 13899.20
50 13909.50
52 13911.70
53 13913.50
51 13913.70
60 13913.70
62 13917.50
61 13917.50
50 13928.50
52 13930.00
53 13931.80
51 13932.00
60 13932.00
62 13941.20
61 13941.20
63 13941.20
64 13941.20
65 13941.30
66 13941.30
50 13945.90
56 13948.00
72 13948.00
73 13948.00
74 13948.00
75 13948.20
76 13948.20
57 13948.20
57 13948.20
54 13952.80
55 13954.60
51 13955.80
58 13955.80
62 13957.40
59 13957.40
50 13996.00
56 13998.20
77 13998.40
75 13998.40
74 13998.40
57 13998.40
54 14003.00
55 14004.70
51 14006.00
58 14006.00
62 14014.20
59 14014.20
63 14014.20
68 14014.20
64 14014.20
50 14021.80
52 14023.90
53 14025.70
51 14025.90
60 14025.90
62 14036.30
61 14036.30
63 14036.30
64 14036.30
65 14036.40
66 14036.40
50 14042.10
56 14044.20
72 14044.20
73 14044.20
74 14044.20
75 14044.40
76 14044.40
57 14044.40
57 14044.40
54 14046.80
55 14049.10
51 14049.30
58 14049.30
62 14058.80
59 14058.80
63 14058.80
68 14058.80
64 14058.90
50 16139.80
56 16142.00
77 16142.20
75 16142.20
74 16142.20
57 16142.20
54 16145.30
55 16147.60
51 16147.80
58 16147.80
62 16156.30
59 16156.40
63 16156.40
67 16156.40
68 16156.40
64 16156.40
50 16159.60
56 16161.80
77 16162.00
75 16162.00
74 16162.00
57 16162.00
54 16164.40
55 16166.70
51 16166.90
58 16166.90
62 16176.10
59 16176.20
63 16176.20
67 16176.20
68 16176.20
64 16176.20
50 16177.60
56 16179.80
77 16180.00
75 16180.00
76 16180.00
57 16180.00
54 16183.00
55 16185.20
51 16185.40
58 16185.40
62 16193.80
59 16193.80
63 16193.80
67 16193.80
68 16193.80
64 16193.80
50 19273.80
56 19276.00
77 19276.20
75 19276.20
76 19276.20
57 19276.20
54 19278.90
55 19281.10
51 19281.30
58 19281.30
62 19290.50
59 19290.50
63 19290.50
67 19290.50
67 19314.1
68 19314.1
64 19314.1
50 19478.8
56 19481
77 19481.2
75 19481.2
74 19481.2
57 19481.2
54 19483.8
55 19486.1
51 19486.3
58 19486.3
50 19497.2
56 19499.4
62 19499.6
59 19499.6
54 19502
55 19504.3
51 19504.5
50 19548.9
56 19551
77 19551.2
75 19551.2
74 19551.3
57 19551.3
54 19554.3
55 19556.6
51 19556.8
58 19556.8
62 19558.8
59 19558.8
50 19568.3
56 19570.5
77 19570.7
75 19570.7
74 19570.7
57 19570.7
54 19573.1
55 19575.3
51 19575.5
58 19575.5
62 19583.8
59 19583.8
63 19583.8
67 19583.8
68 19583.8
64 19583.8
50 19755.4
56 19757.5
77 19757.7
75 19757.7
74 19757.7
57 19757.7
54 19760.7
55 19763
51 19763.2
58 19763.2
62 19769.1
59 19769.1
63 19769.1
68 19769.1
64 19769.2
50 19774.5
56 19776.6
77 19776.8
75 19776.8
74 19776.8
57 19776.8
54 19779.3
55 19781.5
51 19781.7
58 19781.7
62 19793.7
59 19793.7
63 19793.7
67 19793.7
68 19793.7
64 19793.7
50 20701.6
56 20703.7
77 20703.9
75 20703.9
74 20703.9
57 20703.9
54 20708.5
55 20710.2
51 20711.5
58 20711.5
62 20720.2
59 20720.2
63 20720.2
67 20720.2
68 20720.2
64 20720.2
50 98526.5
56 98528.7
77 98528.9
75 98528.9
74 98528.9
57 98528.9
54 98532.2
55 98534.5
51 98534.7
58 98534.7
62 98543.3
59 98543.3
63 98543.3
68 98543.3
64 98543.3
50 98545.9
56 98548.2
77 98548.4
75 98548.4
76 98548.4
57 98548.4
54 98553
55 98554.8
51 98556.1
58 98556.1
62 98563.8
59 98563.8
63 98563.8
68 98563.8
64 98563.8
50 98567.7
56 98569.9
77 98570.1
75 98570.1
74 98570.1
57 98570.1
54 98573.3
55 98575.6
51 98575.8
58 98575.8
62 98584.7
59 98584.8
63 98584.8
68 98584.8
64 98584.8
50 98601.5
52 98603.8
53 98605.6
51 98605.8
60 98605.8
62 98616
61 98616
63 98616
64 98616
65 98616.1
66 98616.1
50 98619.1
52 98621.5
53 98623.3
51 98623.5
60 98623.5
50 98633.5
56 98635.8
62 98636.3
61 98636.3
54 98638.7
55 98640.9
51 98641.2
50 98653.5
56 98655.2
72 98655.2
73 98655.2
74 98655.3
75 98655.5
76 98655.5
57 98655.5
57 98655.5
54 98658.2
55 98660.5
51 98660.7
58 98660.7
62 98669.6
59 98669.6
50 98676.5
52 98678.6
53 98680.4
51 98680.6
60 98680.6
62 98690.1
61 98690.1
63 98690.1
64 98690.1
65 98690.2
66 98690.2
50 98697.2
56 98699.5
72 98699.5
73 98699.5
74 98699.5
75 98699.7
76 98699.7
57 98699.7
57 98699.7
54 98702.2
55 98704.4
51 98704.6
58 98704.7
62 98712.4
59 98712.4
63 98712.4
67 98712.4
68 98712.4
64 98712.4
50 98718.1
52 98719.5
53 98721.3
51 98721.5
60 98721.5
62 98730.2
61 98730.3
63 98730.3
64 98730.3
65 98730.4
66 98730.4
50 98737
56 98739.2
72 98739.2
73 98739.2
74 98739.2
75 98739.4
76 98739.4
57 98739.4
57 98739.4
54 98744.1
55 98745.6
51 98746.9
58 98746.9
62 98753.2
59 98753.2
63 98753.2
68 98753.2
64 98753.3
50 98766.6
52 98768.8
53 98770.6
51 98770.8
60 98770.9
62 98783
61 98783
63 98783.1
64 98783.1
65 98783.1
66 98783.2
50 98797.8
56 98799.9
72 98799.9
73 98799.9
74 98799.9
75 98800.1
76 98800.1
74 98800.1
57 98800.1
54 98804.8
55 98806.6
51 98807.9
58 98807.9
62 98809.4
59 98809.4
50 98842.5
56 98844.7
77 98844.9
75 98844.9
74 98844.9
57 98844.9
54 98849.4
55 98851.5
51 98852.7
58 98852.7
62 98860.9
59 98860.9
63 98860.9
67 98860.9
68 98860.9
64 98860.9
50 98863.4
52 98864.8
53 98866.6
51 98866.8
60 98866.8
62 98875.2
61 98875.2
63 98875.2
64 98875.2
65 98875.3
66 98875.3
50 98880.3
56 98882.5
72 98882.5
73 98882.5
74 98882.5
75 98882.7
76 98882.7
57 98882.7
57 98882.7
54 98885
55 98887.3
51 98887.5
58 98887.5
50 98898.3
56 98900.5
62 98902
59 98902
63 98902
68 98902
64 98902
54 98905.4
55 98907.2
51 98908.5
50 100890
56 100892
77 100892
75 100892
74 100892
57 100892
54 100896
55 100898
51 100899
58 100899
62 100907
59 100907
63 100907
68 100907
64 100907
50 100928
56 100930
77 100930
75 100930
76 100930
57 100930
54 100933
55 100936
51 100936
58 100936
62 100942
59 100942
63 100942
68 100942
64 100942
50 100947
56 100949
77 100949
75 100949
74 100949
57 100949
54 100951
55 100954
51 100954
58 100954
62 100963
59 100963
63 100963
67 100963
68 100963
64 100963
50 102385
56 102387
77 102388
75 102388
74 102388
57 102388
54 102390
55 102392
51 102393
58 102393
62 102402
59 102402
63 102402
67 102402
68 102402
64 102402
50 102404
56 102406
77 102406
75 102406
76 102406
57 102406
54 102409
55 102411
51 102411
58 102411
50 102422
62 102422
59 102422
63 102422
68 102422
64 102422
56 102424
77 102424
75 102424
74 102424
57 102424
54 102427
55 102429
51 102429
50 102459
56 102461
77 102462
75 102462
74 102462
57 102462
54 102466
55 102468
51 102469
58 102469
62 102471
59 102471
50 102491
56 102493
77 102493
75 102493
74 102493
57 102493
54 102495
55 102498
51 102498
58 102498
62 102506
59 102506
63 102506
67 102506
68 102506
64 102506
50 102509
56 102512
77 102512
75 102512
74 102512
57 102512
54 102515
55 102517
51 102517
58 102517
62 102526
59 102526
63 102526
68 102526
64 102526
50 102528
56 102531
77 102531
75 102531
74 102531
57 102531
54 102535
55 102537
51 102538
58 102538
62 102546
59 102546
63 102546
68 102546
64 102546
50 102550
56 102552
77 102552
75 102552
74 102552
57 102552
54 102555
55 102557
51 102558
58 102558
62 102560
59 102560
50 102568
56 102570
77 102570
75 102570
76 102570
57 102570
54 102573
55 102575
51 102575
58 102575
50 102587
52 102589
62 102590
59 102590
63 102590
67 102590
68 102590
64 102590
53 102591
51 102591
50 102601
56 102603
77 102603
75 102603
74 102603
57 102603
54 102606
55 102608
51 102608
58 102608
62 102617
59 102617
63 102617
67 102617
68 102617
64 102617
50 102623
52 102625
53 102627
51 102627
60 102627
62 102637
61 102637
63 102637
64 102637
65 102638
66 102638
50 102639
52 102641
53 102642
51 102643
60 102643
62 102646
61 102646
50 102653
56 102655
72 102655
73 102655
74 102655
75 102655
76 102655
57 102655
57 102655
54 102659
55 102661
51 102662
58 102662
62 102671
59 102671
63 102671
67 102671
68 102671
64 102671
50 102674
56 102676
77 102676
75 102676
74 102676
57 102676
54 102679
55 102681
51 102681
58 102681
62 102690
59 102690
63 102690
68 102690
64 102690
50 102960
56 102962
77 102963
75 102963
74 102963
57 102963
54 102966
55 102968
51 102968
58 102968
62 102976
59 102976
63 102976
68 102976
64 102976
50 104476
56 104478
77 104478
75 104478
74 104478
57 104478
54 104480
55 104483
51 104483
58 104483
62 104492
59 104492
63 104492
67 104492
68 104492
64 104492
50 104494
56 104496
77 104496
75 104496
74 104496
57 104496
54 104500
55 104502
51 104502
58 104502
62 104509
59 104509
63 104509
68 104509
64 104509
50 104623
56 104625
77 104625
75 104625
74 104625
57 104625
54 104628
55 104630
51 104631
58 104631
62 104639
59 104639
63 104639
67 104639
68 104639
64 104639
50 104672
52 104674
53 104675
51 104676
60 104676
62 104685
61 104685
63 104685
64 104685
65 104685
66 104685
50 104700
56 104702
72 104702
73 104702
74 104702
75 104702
76 104702
57 104702
57 104702
54 104704
55 104707
51 104707
58 104707
62 104716
59 104716
63 104716
67 104716
68 104716
64 104716
50 104719
56 104721
77 104721
75 104721
76 104721
57 104721
54 104726
55 104727
51 104729
58 104729
62 104730
59 104730
50 105092
56 105094
77 105094
75 105094
74 105094
57 105094
54 105096
55 105099
51 105099
58 105099
62 105107
59 105107
63 105107
68 105107
64 105107
50 105110
56 105112
77 105112
75 105112
74 105112
57 105112
54 105115
55 105117
51 105117
58 105117
62 105126
59 105126
63 105126
67 105126
68 105126
64 105126
50 105197
56 105199
77 105199
75 105199
76 105199
57 105199
54 105202
55 105204
51 105204
58 105204
62 105213
59 105213
63 105213
67 105213
68 105213
64 105213
50 105215
56 105217
77 105217
75 105217
74 105217
57 105217
54 105220
55 105223
51 105223
58 105223
62 105234
59 105234
63 105234
67 105234
68 105234
64 105234
50 105486
56 105488
77 105488
75 105488
74 105488
57 105488
54 105493
55 105495
51 105496
58 105496
62 105504
59 105504
63 105504
68 105504
64 105504
50 105528
56 105530
77 105530
75 105530
74 105530
57 105530
54 105533
55 105535
51 105536
58 105536
62 105538
59 105538
50 106145
56 106147
77 106148
75 106148
74 106148
57 106148
54 106150
55 106152
51 106152
58 106152
62 106158
59 106158
63 106158
68 106158
64 106158
50 106189
56 106191
77 106191
75 106191
74 106191
57 106191
54 106194
55 106196
51 106196
58 106196
62 106203
59 106203
63 106203
68 106203
64 106203
50 106207
56 106209
77 106209
75 106209
74 106209
57 106209
54 106212
55 106215
51 106215
58 106215
62 106223
59 106223
63 106223
67 106223
68 106223
64 106223
50 108268
56 108270
77 108270
75 108270
76 108270
57 108270
54 108273
55 108275
51 108275
58 108275
62 108283
59 108283
63 108283
68 108283
64 108283
50 108304
56 108306
77 108306
75 108306
74 108306
57 108306
54 108309
55 108311
51 108312
58 108312
62 108321
59 108321
63 108321
67 108321
68 108321
64 108321
50 108322
56 108325
77 108325
75 108325
74 108325
57 108325
54 108328
55 108330
51 108330
58 108330
62 108339
59 108339
63 108339
68 108339
64 108339
50 108343
56 108345
77 108345
75 108345
76 108345
57 108345
54 108348
55 108350
51 108350
58 108350
62 108357
59 108357
63 108357
67 108357
68 108357
64 108357
50 180267
56 180269
77 180270
75 180270
74 180270
57 180270
54 180274
55 180276
51 180277
58 180277
62 180286
59 180286
63 180286
68 180286
64 180286
50 180296
56 180299
77 180299
75 180299
76 180299
57 180299
54 180302
55 180304
51 180305
58 180305
62 180318
59 180318
63 180318
67 180318
68 180318
64 180318
50 180324
56 180326
77 180326
75 180326
74 180326
57 180326
54 180329
55 180331
51 180331
58 180331
62 180343
59 180343
63 180343
67 180343
68 180343
64 180343
50 180347
56 180350
77 180350
75 180350
74 180350
57 180350
54 180354
55 180356
51 180357
58 180357
62 180365
59 180365
63 180365
67 180365
68 180365
64 180365
50 180381
52 180383
53 180385
51 180385
60 180385
62 180393
61 180394
63 180394
64 180394
65 180394
66 180394
50 180395
56 180397
72 180397
73 180397
74 180397
75 180397
76 180397
74 180397
57 180397
54 180402
55 180404
51 180405
58 180405
62 180407
59 180407
50 180416
56 180418
77 180419
75 180419
74 180419
57 180419
54 180423
55 180425
51 180426
58 180426
62 180428
59 180428
50 180450
56 180452
77 180452
75 180452
76 180452
57 180452
54 180455
55 180457
51 180457
58 180457
62 180465
59 180465
63 180465
67 180465
68 180465
64 180465
50 180468
56 180470
77 180470
75 180470
74 180470
57 180470
54 180473
55 180476
51 180476
58 180476
62 180484
59 180484
63 180484
67 180484
68 180484
64 180484
