6 1 2 1 0
0.169840 0.189856 0.109779 0.129955 0.180595 0.219975 
0.105215 0.000000 0.000000 0.894785 0.000000 0.000000 
0.000000 0.095158 0.000017 0.000000 0.000010 0.904815 
0.000000 0.897534 0.102466 0.000000 0.000000 0.000000 
0.000000 0.000000 0.901283 0.098717 0.000000 0.000000 
0.885422 0.000000 0.000000 0.000000 0.114578 0.000000 
0.000000 0.000155 0.000000 0.000000 0.887928 0.111916 
1.000000 
1.000000 
1.000000 
1.000000 
1.000000 
1.000000 
0.989185 1.009401 
0.098453 0.000000 
0.000000 0.094120 
4.005898 4.016565 
0.095090 0.000000 
0.000000 0.107701 
3.005674 3.013857 
0.088224 0.000000 
0.000000 0.097932 
1.987987 2.005517 
0.094212 0.000000 
0.000000 0.106166 
6.011683 6.000139 
0.105525 0.000000 
0.000000 0.097437 
5.003446 4.982782 
0.091477 0.000000 
0.000000 0.100805 
2 6 1
752.266505
0.167000 0.164000 0.168000 0.165250 0.168500 0.167250 
0.984306 1.004208 
0.095395 -0.001020 
-0.001020 0.090772 
4.013738 4.025437 
0.090670 -0.005948 
-0.005948 0.100998 
3.003977 3.013313 
0.092211 -0.000969 
-0.000969 0.097582 
1.983034 1.998132 
0.090678 -0.001939 
-0.001939 0.099109 
6.017614 6.005875 
0.100856 0.001996 
0.001996 0.093461 
5.010599 4.990562 
0.084809 -0.003247 
-0.003247 0.093582 
