5.075459 5.030706 
6.126632 6.056785 
0.789618 1.220009 
2.243115 2.175381 
2.943300 3.215781 
4.089933 4.356322 
4.855583 5.398225 
5.794670 5.948123 
0.861284 1.549123 
1.048017 0.506601 
1.975224 1.644574 
3.238232 3.497538 
3.410036 3.291158 
3.672189 4.276022 
5.031160 5.263257 
6.211566 5.931261 
6.168498 5.754450 
0.858808 1.088722 
2.508801 1.385542 
3.045497 3.198512 
2.721367 3.081201 
3.906516 3.917199 
4.907379 4.792037 
6.233918 6.516599 
1.082997 0.957174 
1.597479 1.565597 
2.401528 3.303306 
3.788988 4.144563 
4.996449 4.814911 
5.763839 5.702013 
0.917072 0.572555 
1.911549 2.261762 
2.788463 2.798996 
4.848725 3.386398 
4.862360 5.098028 
6.136320 5.879755 
0.746645 0.965778 
2.181109 2.059673 
3.159557 3.484457 
4.138630 4.189592 
4.699157 5.047287 
6.525112 5.982896 
0.432675 0.819181 
2.104759 1.965815 
2.958887 3.576113 
4.063055 4.584530 
5.320910 5.438171 
5.723190 5.847243 
0.926246 0.677129 
0.766175 1.320606 
1.978937 2.062202 
3.435038 2.778630 
3.923902 4.765835 
4.907124 4.855955 
6.515385 5.896154 
1.272201 0.920503 
1.588625 2.192535 
2.800248 2.622027 
3.824337 3.186318 
5.094244 5.059155 
6.371343 6.111943 
1.027550 0.348856 
1.752356 1.767332 
3.066792 3.026738 
4.216597 4.056905 
4.743539 4.911887 
5.975181 5.912276 
6.202927 5.982590 
0.561071 1.043904 
2.213501 2.249963 
2.069680 1.325952 
3.011481 2.673293 
4.386999 3.752479 
5.020908 4.935699 
5.906728 5.805815 
1.312739 0.550139 
2.071456 1.904429 
2.995893 3.136179 
3.194334 2.589488 
3.854830 3.313215 
3.755588 4.254984 
5.095011 4.959360 
5.148490 6.108608 
6.332202 5.857636 
1.229136 1.413799 
2.500172 2.047996 
3.195806 3.059293 
3.762469 3.817676 
4.309447 4.958722 
6.193044 6.367840 
0.677910 0.645543 
0.961059 0.704412 
2.459747 1.315139 
2.867893 2.841501 
4.417773 4.005622 
3.535159 3.810803 
5.089584 4.759878 
6.362435 5.716485 
1.345762 0.631018 
1.963079 1.861956 
3.074043 3.276713 
3.993433 4.023393 
4.204760 4.448243 
5.198809 4.940539 
6.065657 5.937589 
0.919019 0.825707 
1.901437 2.168474 
2.644118 2.365515 
3.919866 3.570983 
4.127996 4.103631 
5.353151 4.709827 
5.861965 6.275771 
1.648324 1.409644 
2.505098 1.127131 
1.813656 1.875022 
2.917196 3.127036 
3.876551 3.917785 
5.351377 5.014255 
6.490823 5.848639 
1.486109 1.469933 
2.044351 1.646429 
2.906092 2.753376 
4.003247 3.883077 
5.099321 5.359713 
5.635493 5.900083 
1.243469 1.068281 
2.125696 2.118076 
2.895811 2.787086 
3.512959 3.904711 
5.143657 4.836628 
5.533811 6.197091 
0.993955 1.136558 
1.579711 2.902482 
3.326777 2.784491 
4.029467 3.633508 
3.782393 3.797530 
4.986720 4.792731 
6.107960 5.686940 
0.738924 1.221143 
2.562825 2.131547 
2.749878 3.254372 
3.903277 4.021413 
4.804430 4.794872 
5.788955 6.113126 
1.039379 1.003839 
2.170640 1.669639 
3.376267 3.097680 
3.809334 4.376212 
5.160337 5.520509 
5.803508 5.613927 
0.881208 0.392345 
1.856777 2.077867 
2.730907 3.061639 
4.126124 3.832066 
5.706142 4.511413 
6.342383 6.001359 
0.990367 1.094668 
1.855674 2.116960 
2.001433 1.966457 
3.215810 3.521977 
5.335236 5.147554 
5.607636 5.499945 
0.579952 0.978285 
1.572370 1.623361 
2.851245 2.755970 
4.691131 4.239333 
4.926360 4.621708 
6.448689 5.765824 
5.971325 5.882923 
0.849435 1.138927 
1.066901 0.830643 
2.088859 2.200885 
2.682277 2.730923 
4.418495 4.051025 
5.031065 4.699262 
5.512022 6.755506 
1.189755 1.420180 
1.663026 2.141591 
2.800696 3.482737 
3.785982 4.082708 
5.020130 4.987961 
5.601436 6.145570 
0.728688 0.669282 
2.141669 1.639118 
3.446608 2.978474 
3.926185 4.098429 
4.372902 4.353428 
4.788977 4.857070 
6.270337 6.039521 
0.874166 1.280810 
2.065589 2.197277 
2.765054 2.954676 
3.611762 3.880858 
4.658654 5.104188 
4.560527 5.157697 
5.851341 5.820850 
0.729916 1.363989 
2.240436 2.329611 
3.421395 3.418159 
4.054792 4.092652 
6.182442 5.946757 
1.349654 1.046714 
2.207960 1.797529 
2.695892 2.757418 
3.959019 4.666057 
5.487396 4.673220 
5.955054 5.845531 
1.057917 1.016786 
2.127193 2.399745 
3.229046 2.774234 
3.583595 3.618209 
4.723083 5.171049 
6.143430 5.826824 
1.002280 1.415082 
1.891072 2.132901 
3.526061 2.938565 
3.987583 4.237278 
5.524036 5.119150 
6.390294 5.957245 
0.662644 1.170004 
2.509259 1.743625 
2.674224 2.669615 
2.879651 2.989157 
4.340387 3.722185 
4.491180 4.936998 
5.981501 6.045982 
0.785050 1.244877 
2.171937 1.863588 
3.151569 2.790954 
3.845880 4.364266 
4.834040 5.256615 
6.799294 6.351517 
6.080869 5.555119 
0.671465 1.524917 
2.613140 1.837438 
2.678002 2.930240 
2.727039 2.710934 
4.464597 3.667322 
5.427002 4.820836 
6.090820 6.066054 
3.909469 3.984368 
4.755750 5.181405 
6.220482 5.677966 
0.635282 1.165768 
1.868454 2.395897 
3.512846 3.283088 
4.032540 3.741350 
3.566840 4.196014 
5.217530 5.160486 
5.670679 6.197579 
1.164251 1.281876 
0.554624 1.267263 
2.237294 2.153163 
2.771239 2.943745 
4.284634 3.932113 
5.425435 5.214758 
5.965218 5.722358 
1.963199 0.846158 
1.863298 1.946525 
2.958699 2.242420 
4.081523 3.476287 
4.782353 5.152877 
6.722994 6.290782 
5.958147 6.281523 
0.973109 1.019054 
1.819577 2.182342 
3.528996 3.612984 
3.865546 3.623722 
4.962051 4.421330 
5.961961 6.367797 
0.722696 1.565871 
2.202645 1.771304 
2.971897 3.538094 
3.741725 4.803573 
4.640891 4.793755 
5.389517 5.599737 
1.046570 0.534230 
1.675818 1.927474 
3.286470 3.158268 
3.916539 4.522307 
3.063888 3.269841 
4.162076 3.532950 
5.529676 4.837143 
4.969578 5.406936 
6.365849 5.853039 
1.398901 1.392914 
2.162741 2.489941 
2.492388 3.138119 
3.098398 2.593628 
3.183224 2.834882 
3.789107 3.657678 
4.878426 5.036079 
6.347269 5.901127 
1.009912 0.696909 
2.168488 2.280673 
2.752885 2.888517 
3.849630 3.827499 
4.810650 5.081260 
5.361871 5.808148 
1.450827 0.859687 
1.216024 1.744095 
1.988101 2.152797 
2.736406 2.722349 
4.069405 3.580861 
4.404573 4.946089 
5.751049 6.421967 
0.843944 0.910881 
2.089518 1.370879 
1.907195 2.309083 
1.682165 1.592041 
3.153038 2.802374 
4.031261 3.695300 
5.113736 4.801306 
5.610055 5.890399 
0.795583 0.755545 
1.217448 1.500992 
3.301781 3.013144 
4.486451 3.710531 
4.984462 4.808952 
6.515181 5.859478 
1.648680 1.673836 
3.025302 2.396377 
3.531828 4.665311 
4.709553 4.887126 
6.148854 5.947146 
1.121884 1.125620 
0.709106 1.971401 
2.347573 1.658670 
3.059748 2.923186 
2.974209 2.717235 
3.704550 4.103381 
3.612944 4.018297 
4.327558 4.191680 
5.108501 5.054733 
5.817553 5.809091 
1.205625 0.716254 
1.869810 2.265673 
2.949117 2.978711 
4.461501 4.235874 
5.483583 4.933203 
5.245574 4.685056 
5.611060 5.445514 
1.158082 0.945324 
2.030452 2.504805 
2.979927 2.479568 
4.098812 3.717526 
4.839662 4.776383 
5.956319 6.094028 
1.581382 0.849178 
2.035073 2.045039 
1.675572 2.012160 
2.678013 3.387842 
4.978294 3.703663 
4.832363 4.979290 
5.847964 5.468797 
0.238631 1.387227 
1.594627 1.893312 
3.169794 3.344383 
2.334705 3.063869 
4.243985 3.562692 
5.595972 5.903846 
1.708272 0.413836 
2.345814 1.531004 
1.791985 1.823112 
3.245281 2.698474 
4.283985 3.887063 
4.691263 4.161081 
6.102625 5.887994 
1.672429 1.141230 
2.078604 2.369647 
2.624952 3.422902 
4.018315 4.123552 
4.162236 4.142730 
4.849547 5.214828 
6.415220 6.019246 
0.435916 1.060586 
1.466150 1.625042 
2.973999 2.953675 
4.313398 4.501880 
4.750303 5.416965 
5.687531 6.389967 
0.974457 0.921328 
1.993485 2.239708 
2.669371 3.068823 
2.977328 3.333476 
3.552811 4.016876 
5.438129 5.291049 
6.996844 6.231755 
0.958539 1.053932 
1.085216 2.136846 
2.681279 2.976798 
3.946909 3.709330 
5.044783 4.404397 
6.039932 6.510106 
6.654050 5.600128 
1.207157 1.086614 
2.007526 2.145181 
3.221208 2.792090 
4.025928 4.270227 
4.724992 5.464816 
3.998491 3.432728 
4.769062 4.624126 
6.451411 5.582663 
0.784611 0.727405 
2.442551 2.169510 
2.839373 3.239505 
4.497713 3.624034 
5.023813 4.845482 
5.613982 6.230129 
0.552840 0.866718 
2.107561 1.997678 
3.007870 2.836274 
3.837638 4.369814 
4.271278 4.580041 
6.238209 6.054227 
1.239756 1.418460 
0.700932 0.739430 
1.801727 2.015552 
2.948259 3.113405 
3.862904 3.495716 
5.887262 5.234289 
6.280352 6.142752 
0.560268 1.338045 
2.316597 2.813009 
1.638528 2.005736 
3.017977 3.000174 
3.908077 4.047291 
5.102603 4.807898 
5.498076 5.742109 
5.987420 6.213915 
1.245691 0.951838 
2.131350 2.321951 
2.953895 3.341163 
4.019962 3.706280 
5.276498 5.095342 
5.644535 5.577522 
1.159332 1.965479 
2.138805 1.769301 
3.291726 3.199849 
3.919089 4.095551 
4.886570 4.901654 
6.394359 5.766281 
0.677968 1.445000 
2.030022 1.975903 
3.263836 3.004879 
3.866707 4.181228 
5.024318 4.823719 
6.073490 6.075165 
1.015780 0.989507 
2.000942 1.621596 
2.878564 2.610722 
4.352046 4.189085 
4.670992 5.462176 
5.903047 5.595287 
0.679871 0.887824 
2.396775 2.614512 
3.003740 2.730402 
4.035363 3.656708 
5.105263 5.326584 
5.770314 5.462950 
1.016438 1.296211 
1.466169 1.942564 
3.236350 3.116716 
3.912446 3.926097 
5.113733 5.321721 
6.329595 6.180865 
0.452671 0.681607 
2.575048 1.807172 
2.923869 3.234056 
4.041991 3.935532 
4.522797 5.074503 
5.392448 5.822922 
1.036048 0.442060 
2.206759 1.915853 
2.908444 3.808895 
4.188386 3.392064 
5.402477 4.808803 
6.324640 6.607967 
1.039243 1.014053 
1.910172 2.432169 
6.074905 5.925360 
1.253845 0.743040 
2.015019 2.013262 
2.823867 3.338475 
4.212052 4.099778 
5.053648 4.805620 
6.171236 6.173427 
1.152031 1.184796 
1.002301 1.510463 
2.249972 1.882577 
2.542002 2.799111 
4.628893 4.709317 
4.896917 5.436883 
5.212205 4.367596 
4.915493 5.292398 
4.743719 4.340874 
5.833331 6.170153 
1.459286 0.696995 
1.775834 2.094468 
3.123389 3.444022 
3.972591 3.564565 
5.061801 5.051851 
5.497418 6.084781 
1.066098 1.177121 
2.448773 2.576076 
2.965272 2.804888 
4.544862 3.931950 
3.745956 3.277730 
4.452838 5.221474 
5.888712 5.916495 
0.439486 1.537797 
1.684809 1.324435 
2.960219 2.567046 
4.377117 4.200286 
5.102026 5.198776 
5.850491 6.044150 
5.935112 5.492406 
6.321646 6.071256 
0.797357 1.416729 
1.149894 0.868182 
1.582873 2.427903 
2.584987 2.816155 
3.332307 3.093929 
3.976561 3.781704 
4.794595 4.978181 
5.995179 5.995156 
1.325738 0.712939 
2.143277 2.221403 
3.097807 2.727796 
4.239115 3.940149 
4.926958 5.058732 
6.102325 6.478433 
1.126016 1.513578 
2.300873 2.539613 
2.854638 3.370954 
4.148661 4.031891 
4.956591 4.483037 
6.215453 5.941931 
1.095855 1.486150 
2.823844 2.241218 
3.824772 2.545835 
2.801022 2.807910 
3.527826 3.865261 
4.714457 4.976240 
6.293488 5.719099 
0.223168 1.765131 
2.428338 1.787472 
2.242966 3.394211 
3.895034 4.190704 
5.110287 4.880854 
6.313099 5.692067 
0.606667 0.568857 
1.949448 1.360962 
3.560457 3.263585 
3.542189 3.831711 
4.811073 5.231113 
6.599360 6.193979 
0.568326 0.478548 
2.202276 1.733793 
2.757232 2.505601 
5.207759 4.401128 
6.315918 6.336916 
1.049102 1.331190 
2.740052 1.734563 
2.912886 3.039201 
3.992703 3.865257 
4.714550 4.783080 
4.941438 5.198828 
5.850454 5.643765 
0.559204 0.593384 
1.269330 1.726523 
2.383077 2.241486 
3.194948 3.195907 
4.077897 3.789132 
4.972848 5.146497 
5.941996 5.979783 
0.840220 1.285905 
2.156730 2.215970 
3.483350 3.011249 
3.898431 3.880075 
4.681298 5.088973 
6.242712 5.756837 
6.116099 6.361382 
0.808116 0.994508 
1.988101 2.395248 
3.584531 3.103960 
4.401125 3.768886 
4.896330 4.907659 
5.981093 5.998133 
1.081127 1.007057 
2.340763 2.210941 
2.736983 2.691314 
4.543099 4.401600 
4.530585 5.114058 
5.743254 6.019449 
1.364583 1.326232 
2.185545 1.930236 
2.589478 2.760182 
3.783959 3.736568 
3.601692 4.341684 
0.734609 1.396071 
2.213364 1.785172 
3.205011 3.027792 
3.712423 3.745684 
4.247928 3.933202 
4.509817 4.571413 
6.345472 5.968461 
0.900994 1.307592 
1.892268 2.200231 
3.065534 2.418513 
3.997607 4.145510 
4.911192 5.302818 
5.694216 6.063141 
0.703164 0.775143 
1.244111 1.080070 
1.000930 0.608184 
1.943977 1.491467 
3.764361 3.187446 
4.213677 3.615259 
4.608801 5.194665 
6.128947 5.997608 
0.797212 0.973679 
1.904552 2.046722 
2.850090 3.134163 
3.783874 4.011473 
4.231696 4.171528 
5.333803 5.034899 
5.766214 6.192850 
0.646682 1.267958 
2.060715 1.975697 
2.778221 3.334935 
4.085600 4.306485 
4.438803 5.890830 
5.780279 6.288720 
1.128469 0.879837 
2.435007 1.915720 
2.601924 2.927857 
4.458475 4.328244 
4.574085 5.380389 
6.080463 6.510972 
4.213495 4.247858 
5.099010 5.402631 
4.802498 4.962769 
6.157089 6.239862 
6.327792 6.350787 
6.082532 6.182955 
1.426073 0.300148 
1.785750 1.882925 
3.374862 3.041407 
3.724133 3.751395 
4.633275 5.281698 
6.220704 6.525805 
0.941032 0.996740 
0.804893 1.019920 
2.022632 1.731991 
2.830003 3.131404 
3.934525 4.003481 
4.162658 3.549124 
4.455488 4.505344 
6.480854 6.125111 
1.290146 0.677373 
1.621256 1.462228 
3.090810 2.894990 
4.122304 3.881616 
5.207579 4.950592 
6.098942 5.782567 
1.372149 1.048756 
1.596078 1.688596 
3.226232 2.580060 
4.068721 3.960584 
5.018160 5.058912 
5.793627 5.742480 
0.478110 0.844546 
2.635723 1.704402 
2.980158 2.783481 
4.083364 4.053626 
5.693845 4.534369 
6.060503 5.904266 
0.666437 1.015068 
2.008602 2.623490 
3.041193 3.561984 
4.491398 4.225763 
4.773959 4.555265 
5.982665 6.144022 
0.841520 0.253535 
1.455294 2.679687 
3.127606 3.130157 
3.863773 3.693905 
5.077895 4.844501 
6.056229 6.580946 
1.374025 0.947899 
1.910361 2.210783 
3.023708 2.697617 
4.092103 4.309694 
4.771934 4.236652 
5.627713 5.775777 
0.830281 0.700551 
1.731065 2.035698 
2.744150 3.206059 
4.585707 3.661990 
5.321005 4.603084 
6.269516 6.383223 
1.006149 1.377918 
2.329701 2.379028 
1.955447 2.210099 
3.675787 2.976635 
3.665328 3.789910 
3.735003 4.939595 
5.112852 5.117420 
5.965832 5.674326 
0.635050 1.376401 
1.665735 2.212402 
3.663685 3.426810 
4.193425 4.174668 
4.183236 3.951109 
5.297895 4.953993 
6.045627 5.905347 
6.361731 6.344871 
1.433258 1.231383 
2.268042 1.765371 
1.554377 1.263378 
1.689037 2.023386 
3.032743 2.390638 
3.634842 4.117043 
5.241751 5.130096 
5.441418 5.657791 
5.724972 5.465814 
0.973864 1.089339 
1.567543 1.914375 
3.066979 2.902014 
3.857006 4.256314 
5.229188 4.700788 
6.093799 6.842628 
1.313361 0.906619 
1.956488 2.157851 
2.319775 2.768100 
3.241799 2.685444 
4.136141 4.156051 
5.235914 4.886016 
5.741963 6.555351 
0.999254 1.570311 
1.141105 2.579859 
3.076955 2.974224 
4.128021 3.577568 
5.424751 4.326678 
5.809007 6.209231 
1.110378 0.429914 
0.716592 1.662628 
2.736565 2.548329 
2.872577 2.935225 
3.625420 4.051894 
4.795214 5.135905 
6.032549 6.255554 
0.699488 -0.019770 
1.477106 1.775524 
3.141616 2.691278 
4.168421 3.905639 
5.533543 4.755578 
5.944975 6.448876 
0.897047 1.684786 
4.674663 5.141026 
5.863994 6.365743 
1.146242 0.746667 
1.877318 2.269801 
3.403624 3.470986 
4.055114 3.884613 
4.839937 4.402454 
5.757727 6.679708 
0.962837 1.626437 
1.672950 1.778614 
3.122007 3.377431 
4.203839 3.752178 
5.290287 4.812517 
6.285899 6.137022 
1.156068 0.594741 
1.987605 2.435896 
2.512053 2.623853 
4.090466 4.118209 
3.515042 4.104510 
5.252712 5.050758 
6.066266 6.097087 
1.528657 1.013021 
2.183438 2.324099 
2.594019 3.559942 
4.439277 3.920085 
4.960714 5.416008 
5.088481 5.494456 
0.999491 0.556586 
2.316546 2.039385 
3.084244 3.167172 
3.810212 4.487192 
3.488584 3.423632 
3.797548 3.973096 
4.749224 5.471405 
4.793348 4.488152 
5.615513 6.101387 
0.838670 1.275926 
2.487643 1.833523 
3.314510 2.701093 
2.844517 3.403415 
2.779826 3.129878 
3.738744 4.299244 
5.429762 5.421313 
5.206006 4.908689 
6.179528 6.004949 
0.619880 0.579741 
1.196892 1.028219 
1.784667 2.079038 
2.694931 3.612222 
2.995518 2.390073 
4.111973 4.235203 
4.353950 4.824374 
6.168475 5.869729 
5.962280 6.024278 
1.285677 0.791253 
1.871231 2.008924 
2.798164 3.114703 
4.272245 3.623268 
4.612035 4.897316 
6.564531 6.264883 
0.677616 1.364221 
1.637421 2.407888 
2.686033 2.899743 
3.966972 3.789921 
5.530833 5.104286 
5.691436 5.350312 
5.602298 6.460126 
5.850480 5.892092 
0.560199 0.807312 
1.621806 1.249564 
1.280360 1.007742 
1.276080 2.585133 
2.135500 2.313039 
3.052225 2.235683 
3.821180 4.336182 
5.407306 4.576543 
5.753114 5.894071 
1.098105 1.493883 
2.296529 2.167946 
2.903931 3.193672 
5.590200 5.752285 
0.549820 1.024633 
1.819462 1.892890 
3.475158 2.851829 
4.270073 4.345597 
4.398297 4.480127 
5.634920 5.867933 
0.769826 0.901686 
2.108190 1.276092 
2.266269 2.086988 
3.413639 2.790187 
4.004534 3.295590 
5.254287 5.872810 
6.188219 6.550661 
1.015580 1.343445 
1.767994 1.656032 
3.017673 3.014771 
4.048576 4.069727 
4.754888 4.976875 
6.354710 6.139605 
0.955794 0.989630 
2.085276 2.071651 
3.022723 2.732916 
4.232352 3.449505 
4.601300 4.825975 
5.507248 6.628328 
0.483055 0.704080 
1.550748 1.069663 
1.820639 2.124145 
2.396391 2.752148 
3.229915 2.945822 
3.674324 3.845152 
4.949772 5.457150 
6.346903 6.133330 
6.091779 5.962353 
0.962315 1.386505 
1.288146 2.551025 
2.734500 3.701551 
3.678206 3.666394 
5.071050 5.247059 
5.811568 6.033536 
0.634690 1.294118 
1.966847 2.039598 
2.461848 3.571723 
4.358639 3.990469 
5.173723 4.852708 
6.187138 6.518906 
1.111694 0.930759 
1.237205 2.612523 
3.465718 2.880084 
2.372541 2.702849 
3.874618 3.905159 
4.968282 5.008084 
6.021009 6.426703 
0.535092 0.933400 
1.793085 2.066330 
3.208222 2.704599 
3.669991 4.050275 
4.005852 3.636474 
5.057481 4.657139 
6.104678 5.932713 
1.386017 0.829302 
2.189730 2.268770 
1.999270 1.784753 
3.178944 2.850694 
3.621135 3.893570 
5.000205 5.168841 
6.207711 6.403354 
0.838856 0.917331 
1.252714 1.158067 
1.883428 1.684451 
2.747675 3.168267 
4.029973 4.006556 
4.686027 5.367585 
5.624287 6.011579 
1.171478 0.891953 
1.335491 1.945279 
3.333656 3.484996 
4.127000 4.031889 
4.784519 4.823066 
1.741027 2.113403 
3.628410 2.487036 
3.708700 4.251500 
5.039530 4.366409 
5.914503 5.856496 
0.936928 0.739622 
1.154894 0.811534 
1.777725 2.139678 
3.340440 3.410843 
4.023771 3.676859 
4.718052 4.376891 
5.945472 6.709793 
0.741590 1.111252 
1.987709 2.683683 
3.928995 2.795694 
2.996054 2.886549 
3.988432 3.787336 
5.033580 4.693897 
5.928977 5.871641 
1.082547 1.029877 
1.943572 2.126179 
2.916050 2.878085 
4.222617 4.190158 
3.921071 4.127435 
5.438334 4.456107 
6.060882 5.943088 
5.305258 6.716006 
0.619070 0.767335 
2.168475 1.558374 
3.015569 2.718715 
2.918067 3.254380 
3.833147 3.593775 
4.820769 4.594769 
5.964820 6.138091 
1.559344 1.183741 
1.654149 1.660116 
2.734868 3.411989 
4.488425 3.323239 
5.033270 4.634278 
5.666184 5.731578 
4.208602 3.870246 
5.115592 4.837989 
6.260780 5.928146 
0.752844 0.927402 
1.752433 1.352327 
3.062887 3.133242 
4.138861 3.630953 
4.748139 4.998406 
5.699858 6.160088 
0.470053 0.802753 
2.196056 2.572225 
3.206787 2.804506 
4.031493 4.061700 
5.108865 5.391044 
5.515576 5.956971 
0.978307 0.806823 
1.699719 1.544226 
2.070352 2.383057 
3.360218 3.126740 
4.226256 4.049181 
5.076290 4.797812 
4.567082 4.903169 
6.535627 6.292456 
1.308380 1.158297 
0.457884 1.128959 
1.820080 2.453404 
3.198679 2.875192 
3.760932 3.472218 
4.860684 4.817362 
6.133171 6.537747 
0.795223 0.868967 
2.277136 2.546573 
1.709794 1.917310 
3.137266 3.174334 
2.984217 2.462604 
3.420645 4.328184 
4.972804 5.031725 
5.221181 5.197045 
5.656183 5.304806 
0.496928 0.822740 
1.947972 2.032357 
2.877057 3.086682 
3.666706 4.433751 
5.371645 4.909214 
6.101312 6.059716 
1.018289 0.368065 
2.031797 1.896958 
2.963305 2.629436 
3.876778 3.973568 
5.365182 5.214519 
5.541589 4.708040 
6.050440 6.032702 
0.977941 0.846692 
2.148214 1.815966 
3.425907 2.570406 
3.722550 4.245254 
5.267532 4.911731 
6.528560 6.046783 
1.015245 1.365559 
1.765698 1.417047 
2.153445 2.194461 
2.930201 2.817852 
4.337177 4.257898 
5.157250 5.025822 
6.108686 6.223233 
0.815477 0.038713 
1.668798 1.772758 
2.959689 2.907463 
3.338249 4.019522 
5.072578 5.421665 
6.257215 5.885814 
1.158572 1.323236 
1.764507 2.388753 
2.839659 2.985643 
3.917522 3.703970 
5.052720 4.915296 
5.956957 5.623827 
0.674586 1.150007 
1.979500 1.713525 
2.821296 3.199071 
1.429364 0.695011 
2.083747 2.175103 
3.127371 3.200667 
4.003121 4.142312 
5.047122 5.509389 
5.020424 4.956368 
5.712002 6.042803 
0.703646 0.929631 
2.107680 1.573696 
2.622527 2.597192 
3.823010 4.219580 
4.862475 5.275849 
5.888814 6.356275 
1.009822 1.206508 
1.940259 2.184933 
3.276538 3.220619 
3.685237 4.193284 
3.770860 4.409611 
5.465682 5.318480 
5.484329 6.232023 
5.814261 6.329613 
0.554961 0.406226 
1.891527 2.028653 
2.804033 2.266225 
4.397228 3.736525 
5.119440 5.087917 
4.802534 5.068035 
6.021368 6.392036 
0.794136 1.087487 
2.559387 1.938318 
2.657507 2.904113 
4.531903 3.260988 
4.443990 5.302098 
6.385861 5.918367 
1.401563 0.968557 
1.877624 2.066992 
3.296740 3.002675 
3.527158 4.013210 
5.317759 5.443753 
5.960660 5.718789 
5.004142 5.268052 
5.353521 6.063595 
1.234582 0.644600 
1.986337 1.631202 
2.791835 2.665421 
4.032607 3.647961 
5.047617 5.178205 
6.185466 5.372399 
1.298707 0.870269 
2.371149 2.033164 
3.358988 2.956869 
3.820471 4.760608 
4.593302 4.694732 
5.548327 5.783367 
0.759647 1.346182 
2.060950 2.610030 
2.623196 3.048791 
3.647977 3.441095 
4.924036 5.419597 
5.868331 5.803975 
1.149770 1.065070 
1.782612 1.643660 
2.825359 3.336379 
4.436876 3.531002 
4.831526 5.079907 
5.831378 6.465489 
1.287479 0.714977 
2.441997 2.293955 
3.074075 2.477925 
4.115158 4.429821 
5.379807 4.551555 
5.831745 5.765661 
0.862460 0.582731 
2.143721 1.922474 
3.087778 2.687498 
4.036066 4.112779 
4.791802 5.218395 
5.972202 5.788599 
1.098267 0.234064 
1.902731 1.859676 
5.054167 4.622339 
5.791912 6.364337 
0.917274 0.678784 
2.169158 2.077256 
3.144910 3.392282 
4.455926 3.782783 
4.853570 5.243279 
4.951421 5.070673 
5.293427 5.792102 
1.440070 0.650265 
1.479543 2.142191 
3.499557 3.254832 
4.048575 3.625818 
5.420898 5.499415 
5.956246 4.879108 
0.862903 0.324058 
1.501849 2.010664 
3.079341 3.538717 
4.236535 4.326996 
4.984637 5.405206 
4.985924 4.400481 
5.149025 4.838121 
6.224452 6.077951 
0.630232 1.288584 
1.932987 2.569509 
3.009021 3.176091 
4.278482 4.259397 
4.866715 4.918914 
6.241211 5.894042 
0.635583 1.058738 
0.804809 1.416147 
2.274350 2.399410 
2.899342 3.903733 
3.006208 2.542129 
4.295503 3.726432 
4.837996 5.051899 
5.739499 6.558702 
1.175694 0.685678 
2.318159 2.150234 
3.207342 3.164686 
2.791745 3.028345 
3.987124 4.500156 
5.240911 4.788974 
5.014718 4.965234 
4.428247 4.766259 
5.524338 5.378066 
1.361843 1.172647 
1.692364 1.506584 
2.839730 3.218209 
3.938132 3.726211 
4.279235 3.420118 
5.005057 5.223251 
6.068270 6.059454 
0.889894 0.591581 
2.001522 2.162628 
3.110192 2.957197 
4.127511 4.014054 
5.188526 5.678677 
6.011948 6.240425 
1.199303 1.210048 
2.556711 2.059753 
3.384501 3.585688 
4.767733 3.832897 
5.273464 4.707447 
5.634448 6.139487 
0.673563 0.744224 
1.947107 1.659919 
1.492276 1.918768 
3.393414 3.055133 
3.771057 4.427202 
5.492868 5.184180 
5.910069 6.272027 
1.141559 1.360741 
2.307657 1.420463 
2.976252 2.896193 
3.652408 4.225353 
5.002147 4.874100 
6.225389 6.071853 
0.572828 1.554329 
1.557217 1.609350 
1.688694 2.040787 
3.272877 2.924194 
4.111157 4.161862 
4.875022 5.566236 
5.952755 6.021993 
1.369283 1.230863 
2.698982 2.154586 
3.231464 2.554750 
3.946081 4.470343 
4.720973 4.905367 
6.060102 6.237996 
6.355167 5.646609 
1.119542 0.438477 
2.059309 1.657803 
2.785849 3.005668 
2.601153 3.181872 
4.213462 3.718482 
5.377416 4.970325 
5.636974 5.285752 
1.205542 0.785645 
1.785008 2.807277 
2.693159 3.004349 
3.561148 3.876122 
5.212718 5.336724 
3.959536 4.924057 
6.581138 6.235843 
1.203735 1.035985 
1.893312 2.534277 
2.891599 2.780779 
3.414139 3.187340 
2.868283 2.661142 
3.946721 3.752106 
5.090522 5.267691 
6.240311 5.536541 
0.928011 1.067813 
1.343798 1.086724 
2.180002 1.610041 
2.968184 3.576958 
3.990816 3.585848 
4.901707 4.796656 
4.768471 6.006312 
6.110747 5.952310 
1.259026 0.971894 
0.570609 1.152905 
1.011258 1.209937 
1.978264 1.885948 
3.039552 3.212561 
3.362640 3.730442 
4.782637 4.899976 
5.900712 6.202972 
0.999417 0.723092 
2.092488 2.501861 
2.954980 2.677848 
3.865621 4.008216 
5.021888 4.398185 
5.726058 5.894674 
1.020351 1.265922 
2.089044 1.505342 
3.671201 3.270099 
3.318750 4.152534 
5.230106 4.690662 
6.444426 5.880324 
6.172548 6.003104 
0.953029 0.619100 
1.918629 2.399980 
2.921217 2.700180 
4.509832 4.264534 
5.131132 4.232154 
5.262846 4.785792 
4.975286 5.339707 
5.630641 5.961914 
0.753246 0.418346 
0.741249 1.294443 
2.145875 2.263860 
2.713399 3.421894 
3.002977 2.604735 
3.020511 3.556603 
5.162939 4.502169 
4.233607 4.886668 
6.342055 6.148233 
6.153093 5.866009 
1.149711 0.589064 
1.780710 1.834411 
2.705040 3.254508 
4.116945 3.063100 
4.990049 4.665077 
5.484123 5.802520 
1.215274 0.790290 
1.877972 1.820420 
3.139142 3.202042 
3.754495 4.144437 
4.965279 5.109073 
5.910143 6.415989 
5.671134 6.163577 
5.740272 5.658488 
1.100160 1.375189 
2.368264 1.649051 
2.488900 3.063800 
3.291021 3.474777 
4.008639 4.032585 
4.883043 5.025216 
5.351776 5.343537 
6.275549 6.436965 
0.828487 0.853546 
1.988839 1.870672 
3.462576 2.603540 
3.524775 4.348985 
4.483405 4.667438 
6.413712 6.071238 
0.669750 0.706915 
2.123189 1.839207 
3.288100 3.253937 
2.919292 3.078908 
3.685026 3.772389 
5.489428 4.797270 
6.066274 5.909645 
0.993612 1.207934 
1.557113 1.581486 
2.364596 3.058028 
4.386560 3.720388 
4.801635 4.696086 
6.010237 5.616435 
1.563565 0.743709 
1.873789 1.700302 
2.910775 2.447091 
4.393498 3.597708 
4.519639 4.371650 
4.650131 5.194092 
5.527743 5.830961 
6.199138 6.001711 
1.126477 1.060024 
2.356571 2.527392 
3.504864 3.276334 
3.320014 4.061963 
4.979389 4.537845 
5.855524 5.815268 
1.219804 1.424400 
0.603441 0.982054 
2.095634 1.808079 
3.254940 3.102955 
4.047205 4.549164 
5.354158 5.124078 
4.610474 4.857535 
6.049469 6.068359 
6.150300 6.229149 
1.088841 0.932459 
1.988668 2.272395 
1.966702 2.098467 
2.975921 2.823790 
3.779527 3.768440 
4.296705 4.978159 
5.384796 4.637707 
6.155322 6.302295 
1.205657 0.842705 
2.013251 1.946278 
2.721975 2.986793 
3.393861 3.454698 
5.251131 4.626371 
6.624616 6.212189 
5.842137 6.120911 
2.707275 3.033252 
3.934843 4.353449 
5.018269 5.011358 
6.273809 6.003881 
1.172494 1.048694 
1.822645 1.322171 
3.075623 2.692961 
3.955420 4.284888 
4.484924 4.890699 
5.955601 5.685716 
1.325232 1.262130 
1.579889 1.923502 
2.707671 2.573735 
4.270973 3.608874 
5.000533 5.316374 
5.141636 5.389027 
5.610108 5.952781 
6.623101 5.807891 
0.724240 0.931137 
2.262919 2.329838 
2.719574 3.034562 
4.462892 3.936481 
5.065175 5.258130 
5.865826 5.718484 
0.523292 0.554884 
1.536104 2.292406 
3.264976 3.051173 
4.786062 4.509594 
4.847797 4.762871 
6.016138 6.486407 
5.828182 5.700670 
1.108994 1.217600 
1.947842 1.628951 
2.622817 3.370624 
3.975281 3.879737 
5.086243 4.786571 
6.794511 5.616592 
0.936961 0.946337 
1.997718 2.058930 
1.945390 1.734100 
5.304605 5.166204 
5.714725 6.077631 
0.616085 0.447114 
2.394844 1.938311 
3.023018 3.136666 
4.069598 4.138768 
4.198399 4.253553 
5.684912 5.414881 
6.201347 6.066478 
1.323343 0.602005 
1.550336 1.857577 
2.658448 2.523669 
3.222532 4.368116 
5.131337 5.282301 
5.235230 5.998086 
6.468422 6.219674 
0.850974 1.058187 
2.142985 2.475839 
2.968769 3.280515 
4.380654 3.720482 
4.648911 5.482255 
6.168629 6.383323 
0.727164 0.712285 
1.799538 1.819189 
3.102713 2.979194 
3.875288 3.816887 
5.100613 4.381687 
5.280638 5.117718 
6.237013 5.923622 
6.449015 6.011554 
1.401101 0.881971 
0.814014 1.127621 
1.609530 1.993805 
2.938514 3.324367 
3.421355 4.395178 
5.353804 4.799283 
5.675134 6.194721 
1.344184 0.405637 
1.868531 1.952820 
3.126414 3.029368 
5.252075 4.800623 
4.875639 5.048252 
6.053845 6.201558 
0.903046 1.306541 
1.561296 2.447800 
3.412424 2.738601 
3.888896 4.591388 
4.574614 5.213961 
5.870750 6.023106 
0.983231 1.304936 
1.665684 1.828937 
2.801461 3.260831 
3.809654 3.872185 
4.889935 4.819597 
6.817296 6.336153 
0.698574 0.897036 
0.953093 1.017801 
1.917774 2.129633 
3.056882 2.583381 
4.303650 4.704440 
4.584452 4.075011 
5.109426 4.657082 
5.976225 5.813664 
1.467055 1.126140 
2.168319 2.262483 
1.975100 1.822586 
3.224046 3.135928 
3.986008 4.064814 
4.743931 5.486007 
5.626167 5.469481 
1.149921 1.216531 
1.641767 1.789813 
3.056918 3.167635 
3.918675 4.500205 
4.866891 4.897161 
6.779115 6.034954 
0.769415 0.925593 
1.846857 2.342202 
2.902303 3.047998 
4.504104 3.888887 
2.046800 1.578356 
3.235729 3.035825 
3.078388 3.250958 
3.130585 3.545888 
5.221303 5.101614 
5.610816 6.450645 
1.219817 0.937285 
1.187752 0.958994 
2.415457 1.882171 
3.256727 2.824396 
3.285789 3.888122 
3.612868 3.995514 
4.384630 4.907977 
6.153236 6.346439 
0.841964 1.064239 
1.220409 1.713994 
3.866473 3.003974 
2.794937 3.357587 
4.117776 3.813159 
4.943185 5.230847 
6.343420 5.726768 
6.369870 5.973169 
1.588910 0.151371 
2.251491 1.682681 
2.832770 3.394931 
4.039898 3.985170 
4.782536 5.373816 
5.891276 5.720077 
1.335533 1.047618 
2.261518 2.245167 
3.242017 2.857678 
3.337264 4.300061 
4.924755 5.542877 
5.921796 6.055787 
1.175556 1.007525 
1.930022 1.845267 
3.190891 3.356501 
2.950460 3.128428 
3.897904 4.791934 
5.005271 5.341946 
1.621777 1.698677 
2.931392 2.763247 
3.701977 4.314917 
5.340418 5.245161 
5.574619 5.492817 
0.848669 1.189642 
2.300444 2.111158 
1.953810 2.136095 
3.400126 2.898391 
3.841301 4.129925 
4.758650 5.142599 
6.002543 6.006662 
0.705757 0.964086 
2.405751 2.051603 
3.150088 3.540115 
3.780202 3.645884 
4.847503 4.991357 
5.913927 6.025119 
1.237793 1.292430 
1.181375 2.158803 
3.406391 2.903965 
2.639655 3.456901 
4.089434 4.714912 
4.499631 3.975830 
4.850501 4.654359 
5.825513 6.143387 
1.206539 1.315347 
2.030143 2.576125 
2.981862 3.111436 
3.564608 4.473502 
5.207389 4.454838 
6.587267 6.017211 
0.782796 0.987181 
2.509599 2.010334 
2.031552 2.100823 
2.996002 2.498068 
4.227987 3.769049 
4.641498 5.083255 
4.890127 5.008560 
5.659322 6.006742 
3.904826 5.129226 
4.742673 4.821499 
4.648236 4.137618 
4.640257 5.163834 
5.361197 6.452435 
0.881219 1.098884 
1.403414 1.825267 
2.836627 2.785209 
4.441773 3.509334 
4.985612 5.209989 
5.815295 5.879656 
1.220080 0.843743 
2.501763 2.661035 
2.952350 2.745164 
2.717712 3.370299 
4.353526 3.949680 
5.312921 4.964695 
5.778884 6.118785 
1.552477 0.925905 
2.111209 2.448955 
3.074761 2.437372 
3.518721 3.918629 
5.248796 5.121639 
6.122924 5.750726 
1.116224 1.198761 
2.173163 2.002444 
2.724942 2.832438 
3.636749 4.182892 
3.879868 3.640167 
4.424790 4.655956 
6.095155 6.298596 
0.852708 1.401930 
1.983724 2.080857 
3.252236 2.599422 
4.148409 3.798177 
5.081670 4.835557 
6.839685 5.525133 
0.564120 0.609821 
0.831543 1.042942 
1.684080 2.262219 
5.619805 5.628805 
1.052983 0.924176 
1.768231 0.933863 
2.981788 2.573661 
3.063751 3.128327 
4.015659 3.845423 
4.756833 4.917978 
6.042593 5.666483 
1.210092 0.602660 
1.702521 1.817801 
2.894199 3.800096 
4.051583 3.915575 
5.070729 5.103709 
5.249000 4.920633 
5.512792 4.953444 
5.766945 5.841217 
0.794304 0.572358 
1.610094 2.061738 
2.903200 3.304497 
3.637240 4.170979 
5.584578 5.238645 
5.940747 6.464271 
1.547840 1.054228 
1.825725 2.119357 
3.376286 3.251880 
3.723459 3.893745 
4.741493 5.265001 
5.461035 5.947400 
1.407172 0.743766 
1.867417 2.220761 
3.130250 2.992843 
3.987278 4.151762 
3.867413 3.985182 
4.999912 4.822794 
6.059800 5.948653 
1.350362 1.501271 
1.751779 1.853368 
3.304274 3.338343 
4.236405 3.871681 
4.923998 5.142161 
5.913832 6.087759 
1.256928 1.183845 
0.405833 1.065751 
2.493549 2.053156 
3.319946 2.944980 
3.936041 4.470585 
4.764955 5.131265 
6.169135 5.810419 
0.819907 0.666021 
1.715811 2.303503 
1.664040 1.942112 
1.723534 1.888234 
2.787480 2.801409 
3.981378 4.034848 
5.322392 5.514700 
6.497477 5.932475 
1.276478 1.123971 
0.914486 1.153820 
1.854352 1.888929 
2.889941 3.218514 
4.053237 3.658085 
4.788216 5.088561 
6.065493 6.075999 
1.311471 0.804904 
1.545368 2.373827 
2.949700 2.787004 
3.601430 4.417880 
5.155591 4.918396 
5.531703 5.783568 
0.559322 1.026118 
1.276915 1.074288 
2.182361 2.124070 
3.268811 3.209873 
3.789889 4.083362 
4.971188 5.086163 
6.040140 5.947181 
1.166319 1.441450 
2.020246 2.050491 
2.433656 3.092084 
4.530081 4.245641 
0.738572 1.426817 
2.043422 2.021113 
3.024466 2.774918 
3.678883 3.773629 
5.119100 5.183561 
5.631738 6.223626 
5.909002 6.458689 
1.209966 0.828191 
1.811061 2.526824 
3.261481 2.408624 
4.329281 3.862397 
4.743390 5.214826 
6.601658 5.530713 
1.501468 1.178034 
1.977027 1.922190 
2.833380 3.128540 
3.940006 3.903200 
5.282929 4.497028 
5.503287 6.413358 
0.622306 1.069135 
1.666879 1.633564 
3.849341 2.662738 
3.578544 3.789735 
4.830812 4.543228 
4.466367 5.326643 
5.827542 6.000062 
0.975613 1.058365 
1.916116 1.964201 
2.508843 2.597526 
4.199805 3.763805 
5.525552 5.245750 
6.463455 5.915651 
0.955046 1.271970 
2.198598 1.505768 
2.240747 2.210523 
3.182660 2.496604 
3.818201 4.138750 
4.899090 5.763826 
5.825427 5.842947 
0.612056 0.932069 
4.795661 3.531531 
5.137227 4.841112 
5.313154 6.252340 
0.768283 0.941012 
1.771914 2.323313 
2.936724 2.730670 
3.883860 3.961512 
5.037749 5.274252 
6.161152 6.104637 
1.554916 0.890154 
1.611180 1.740252 
2.884007 2.879787 
3.851272 4.058604 
5.394348 4.613595 
5.546857 5.905451 
0.807300 1.183566 
1.909939 1.704438 
3.109468 3.276505 
4.411263 3.424924 
4.834608 4.747604 
6.366241 6.374625 
1.714846 0.838147 
2.313144 1.744169 
2.880461 2.781781 
3.720363 3.804002 
5.217565 4.583662 
5.939723 6.299522 
0.498553 1.106968 
2.513922 2.249374 
2.262407 3.001842 
3.514441 2.708929 
4.133430 4.160248 
5.099953 4.799777 
6.090152 6.191510 
1.021918 1.091267 
2.216582 1.849920 
3.228721 3.166124 
4.140816 4.472939 
5.742803 5.607164 
6.478404 6.493578 
4.967870 4.605632 
6.292682 6.015845 
1.348374 1.256303 
1.719050 1.427164 
3.285069 2.587908 
3.749609 4.404860 
5.195172 4.857721 
5.874543 6.292126 
0.561330 0.439301 
0.940314 1.276043 
1.737439 2.015756 
2.981975 3.305779 
4.224547 3.805644 
4.991021 5.137332 
6.160892 6.176260 
1.030225 0.740549 
2.519819 1.813455 
2.186241 1.800704 
2.969697 3.409984 
4.419697 3.841751 
5.103611 5.136558 
6.450565 5.888566 
0.901213 1.130038 
2.328196 2.158631 
2.271234 1.993341 
3.168093 2.987946 
4.004001 4.051139 
4.323706 4.725211 
6.326315 6.050765 
1.321775 0.785741 
2.314288 1.611138 
3.266273 2.750061 
3.782269 3.727927 
3.984892 3.709746 
4.549188 4.444473 
6.354415 5.902944 
0.652504 1.258273 
2.270530 2.655307 
3.304333 3.024954 
3.815129 4.070046 
3.569826 4.004400 
4.464518 4.872392 
6.230269 5.793851 
0.743437 0.687092 
2.538637 2.355060 
2.832604 2.882236 
4.002982 4.545848 
5.437400 5.109665 
6.210465 5.799315 
0.999611 0.797993 
1.547361 2.139599 
2.678691 3.857506 
3.835796 4.016776 
4.981246 4.870049 
4.984048 4.401905 
6.277691 6.670845 
1.417167 0.598597 
0.649628 0.396473 
1.904515 2.512739 
2.799977 3.375526 
4.312210 4.391341 
5.136781 5.223841 
6.387574 6.040487 
1.246144 1.696454 
1.587728 1.614752 
3.263441 3.158259 
3.789083 3.957935 
4.963917 5.151584 
5.960375 5.569354 
1.420568 0.706355 
2.056907 2.056688 
3.689226 2.927698 
4.079433 4.292823 
4.737421 5.322651 
5.405684 5.783021 
1.024791 1.155843 
1.674130 2.318851 
1.937936 1.912834 
1.814440 2.490279 
2.859429 3.039710 
5.269268 4.856007 
6.254577 5.709512 
0.847197 1.138085 
2.143240 1.800632 
3.357264 3.341117 
3.701637 4.109425 
4.262723 3.869565 
5.260483 5.093428 
5.864405 6.088579 
0.720665 1.034630 
2.286451 1.575458 
2.902907 3.666854 
4.396989 4.581356 
5.089825 5.184427 
6.370936 6.240654 
0.699647 1.124564 
1.867554 1.961618 
3.492881 3.015118 
4.554585 4.027434 
5.168477 4.592039 
6.056198 5.898033 
1.100506 1.147889 
2.077887 2.067228 
3.195002 3.440244 
2.368683 2.886246 
4.206134 3.956016 
5.110808 5.113918 
5.818835 5.692547 
0.905871 0.982626 
2.156704 1.479815 
1.407854 1.652875 
2.234376 3.841568 
3.539468 3.521858 
3.756570 3.314816 
4.956650 4.569184 
6.805076 6.187930 
0.965520 1.071168 
0.539339 0.797066 
1.418108 1.653433 
2.142438 2.446647 
5.645197 6.299725 
1.167135 0.889888 
2.235691 1.880488 
3.233178 3.214769 
3.838026 3.499862 
4.653226 4.996412 
6.218806 6.527681 
0.594429 0.723592 
1.910638 2.424053 
2.492612 3.367078 
3.232417 3.096499 
3.843660 3.865371 
4.392016 3.927116 
4.941275 5.320876 
6.384109 5.554819 
0.800149 0.900109 
1.302384 1.726777 
3.083574 3.281909 
4.278758 4.440840 
4.731308 5.443319 
5.908313 6.142787 
0.609074 1.248789 
0.844193 0.462360 
2.136896 1.765803 
2.764068 2.684093 
4.177472 4.019921 
4.631059 4.948484 
5.752555 5.807546 
5.765752 5.802862 
0.872780 0.725768 
2.230745 1.848774 
1.953585 1.434216 
1.565545 2.468796 
3.299433 3.171046 
4.082173 3.416830 
4.817810 5.122369 
6.134826 5.845805 
1.233575 1.159885 
2.615226 2.394467 
1.468823 2.143234 
5.030145 4.937843 
6.905764 5.870734 
1.158065 1.301513 
2.383907 2.178671 
2.708934 3.546334 
4.598825 3.712351 
5.188893 4.373904 
6.294055 5.732725 
0.935061 1.285447 
2.098688 1.994724 
3.244993 3.219665 
3.503117 4.591708 
5.099706 4.614798 
5.906192 6.055816 
0.898048 1.269403 
2.154613 1.716911 
1.906296 2.515135 
2.439498 2.996811 
4.524174 3.879921 
5.464667 5.004599 
5.435516 6.159474 
5.673958 5.816084 
1.026512 1.244731 
2.253196 1.823827 
3.064668 2.528103 
3.013546 2.880420 
4.331363 3.781135 
5.069370 4.662055 
6.142678 5.583360 
0.808672 0.994168 
1.681114 1.480367 
3.008516 3.405016 
3.969491 3.693395 
5.393699 4.812011 
5.376863 5.469408 
6.082534 5.893793 
1.094796 0.684272 
1.812083 1.908718 
3.335076 2.708707 
3.893485 3.725760 
1.609378 0.674632 
2.438160 1.838526 
3.642707 2.584036 
4.196483 3.927116 
4.526260 4.048537 
5.044567 5.161401 
5.590722 5.819462 
0.675229 0.865471 
1.887767 2.437043 
2.573263 2.339946 
3.577075 4.142050 
5.023526 4.680649 
6.402175 5.766408 
0.983906 0.759592 
2.480411 2.381575 
3.303484 2.845362 
4.242301 3.622954 
4.694249 5.201547 
5.573968 6.131278 
0.887095 0.821441 
2.038867 1.936843 
2.895428 3.090999 
3.815677 4.474291 
4.971490 4.689805 
5.518293 5.944186 
6.029167 5.680683 
1.089068 1.002805 
2.355519 2.328406 
2.805563 2.855863 
4.016490 3.997904 
4.920691 5.252517 
6.065654 6.185976 
0.932436 1.065445 
1.917685 2.123671 
2.876515 3.564776 
4.386370 4.189212 
5.004313 5.509431 
6.469207 5.749987 
0.989814 1.140136 
1.985965 1.982483 
2.499934 1.951173 
3.032728 3.178189 
4.483769 3.730058 
4.979798 5.478495 
5.311553 6.106195 
0.858055 0.937921 
2.059139 2.331561 
3.248827 2.746416 
3.997199 3.767579 
4.766348 4.811358 
6.270939 5.726474 
1.162022 1.133728 
2.353974 2.271635 
2.867132 3.137236 
4.541672 4.369858 
5.182492 4.606040 
5.538371 5.505143 
1.161556 1.262292 
1.779264 2.094904 
3.088301 2.839369 
3.872782 3.977136 
5.513115 5.334703 
5.543852 5.608881 
1.104843 0.664266 
1.586794 2.528277 
3.295356 3.060920 
3.775254 3.123855 
5.146381 4.806139 
6.097158 5.705200 
1.457914 1.134432 
2.409951 1.721812 
2.535520 2.653085 
4.047344 4.240331 
5.271910 4.973483 
6.120916 5.426272 
0.809924 0.913062 
2.023831 1.740217 
3.237975 2.929004 
4.374347 3.802610 
5.018227 4.687724 
6.006362 5.728685 
1.330792 0.971961 
1.630134 2.704603 
2.604048 3.020921 
3.682332 3.668520 
5.434552 4.974978 
6.119375 5.820734 
0.593581 1.298673 
2.144799 1.940554 
2.972330 3.835528 
3.784230 4.385600 
4.574174 4.661046 
6.323371 5.599811 
0.695048 0.753716 
1.636020 1.894451 
3.134859 2.668412 
4.273533 4.247759 
4.580337 5.378298 
6.216523 6.477330 
1.083171 0.970858 
1.999986 1.652321 
2.057604 1.680005 
3.320094 3.448189 
3.823338 3.952449 
5.346017 4.869733 
6.331236 5.135413 
1.295566 1.574088 
2.027257 1.789104 
3.004463 2.737571 
4.190986 4.046849 
4.855489 4.448361 
6.454482 6.104277 
0.779263 0.990119 
2.103217 2.133962 
2.066259 2.505543 
3.943254 3.776794 
5.005952 5.022667 
5.920570 5.854236 
0.971120 0.947820 
1.892869 1.987492 
3.007409 2.447701 
4.254544 4.057998 
3.710812 4.173486 
5.559805 5.211800 
6.399697 6.275317 
1.097120 1.036133 
2.144761 2.175481 
3.266200 2.877035 
4.377980 3.998137 
5.402303 5.334340 
6.562704 5.823143 
1.213900 1.044878 
2.235738 2.212419 
3.219663 3.144423 
3.903724 4.393394 
4.733096 4.908567 
5.808464 5.923656 
1.463044 0.711076 
2.179760 1.809459 
3.511906 3.109864 
4.364825 4.545971 
5.128973 4.546375 
6.207218 5.513898 
0.799083 1.184076 
2.548467 2.216956 
3.025193 3.176118 
2.978172 3.036408 
4.250296 4.165194 
5.185436 5.009568 
6.234356 5.754481 
1.069568 0.915308 
2.438284 2.217552 
3.106958 2.706002 
3.709442 4.097397 
4.579176 4.792011 
4.812161 5.128912 
5.760269 6.127310 
0.690307 1.024851 
2.140512 2.031008 
3.313912 2.879405 
0.314366 1.054311 
1.917590 1.955905 
1.490021 2.068462 
2.959747 2.793515 
3.583117 3.871367 
4.841021 5.621303 
5.385488 5.572098 
0.624809 1.024459 
2.723793 2.182439 
2.422893 3.364338 
3.963995 3.880009 
5.205610 4.681742 
5.749329 5.974669 
0.548210 1.390237 
1.687365 1.666728 
3.112374 3.423382 
4.267228 4.640936 
4.107067 4.331510 
4.358933 5.155680 
6.725890 5.947823 
1.096408 1.288381 
2.126228 2.612753 
3.086268 3.135005 
3.385958 4.577555 
4.049333 3.486217 
4.775308 4.774382 
5.113578 5.390311 
6.169431 6.106670 
0.678494 1.090095 
0.618685 0.980792 
1.919733 1.741715 
2.882918 3.040263 
3.899218 3.915505 
5.210220 5.096733 
5.962939 6.200723 
6.021816 5.966064 
1.258322 1.418958 
2.273766 1.880687 
3.467126 2.677428 
3.293100 4.091335 
1.658916 2.549179 
2.869617 2.905238 
3.824948 3.976569 
4.496618 5.055312 
6.215392 6.364695 
1.142621 1.414048 
2.292263 2.233885 
2.675200 2.795393 
4.067882 4.690756 
4.079781 4.102594 
4.908657 5.178340 
6.486003 6.415683 
1.558070 1.172908 
1.971153 1.962618 
3.325537 2.995506 
4.007613 3.863615 
4.537763 4.855048 
6.049275 5.314989 
1.355010 0.496936 
2.077270 2.564804 
2.664568 2.762070 
3.865757 4.217249 
4.935057 4.758267 
5.990185 6.419734 
1.215641 0.996118 
1.819453 2.131417 
2.915319 3.556630 
4.186651 4.356149 
5.056218 4.825730 
6.150513 5.863720 
1.248085 0.590362 
2.095930 2.174401 
3.403537 2.666252 
4.210723 3.868260 
4.224496 4.417371 
4.973241 4.506423 
5.850744 6.379758 
1.061592 1.365796 
2.212760 2.102482 
3.207241 3.238169 
5.218380 5.309089 
6.232291 6.030066 
5.404344 6.164581 
1.100024 0.968880 
2.024850 2.228103 
2.904360 2.580299 
4.099079 3.780565 
4.826145 5.118097 
6.259909 5.978480 
0.317352 0.916390 
2.150872 2.097685 
2.924530 2.767866 
3.871092 4.709924 
5.058099 4.748480 
5.424198 4.401411 
6.281094 5.929484 
0.493818 0.936589 
2.354680 1.993728 
3.383361 3.404908 
4.029001 3.996072 
5.153825 4.573904 
6.387646 6.462293 
1.729865 1.223106 
1.897927 2.363789 
3.254993 2.957705 
4.670060 3.973989 
4.618275 5.259531 
5.969568 6.569046 
0.874534 0.951684 
2.298396 2.318328 
2.635119 2.432329 
3.946109 3.465966 
4.698771 4.592793 
5.166479 5.423196 
1.305312 0.964662 
1.878397 1.940365 
2.783577 2.158318 
4.489385 4.652470 
5.077969 5.164223 
5.556201 5.811754 
4.779619 4.736205 
5.956360 5.745307 
1.456271 0.880074 
2.188936 1.802104 
3.499689 2.665712 
4.015816 4.486427 
5.635389 4.832730 
6.122378 5.996257 
1.207029 1.400365 
2.233575 2.612090 
2.620815 2.714371 
3.909071 3.946706 
5.113931 5.207160 
5.994130 5.826706 
0.519817 1.166073 
1.938108 2.164441 
2.956973 3.332904 
3.497696 4.364991 
4.763651 4.910830 
5.873650 5.453610 
0.494755 1.671908 
1.754360 2.429445 
3.677289 2.741417 
4.268162 4.080531 
5.126720 4.921779 
6.213719 5.728528 
0.844366 1.351803 
1.877023 2.352648 
1.842230 2.355055 
2.067085 1.822627 
2.865695 3.199873 
3.323893 3.254818 
3.964329 4.119632 
4.967974 4.899078 
5.910026 6.067485 
1.364771 1.383653 
1.922193 2.202590 
3.387702 2.769612 
3.235350 3.677154 
4.776486 5.982294 
0.937793 0.644218 
2.028616 2.273176 
3.012867 3.197025 
4.254894 4.531626 
5.696243 5.486568 
6.067277 6.297226 
1.022518 0.807086 
1.659558 1.916660 
2.825517 2.523190 
4.899309 4.361271 
4.987773 4.746099 
5.887820 5.931688 
1.038483 0.863970 
1.051001 1.107988 
1.969372 2.291290 
3.222719 3.392711 
4.829069 3.971002 
5.307452 5.458239 
6.263334 5.856241 
1.112689 0.911933 
1.620923 2.376217 
2.531084 3.359466 
3.704880 4.187954 
4.403467 5.418757 
6.385163 6.815552 
0.517431 0.887619 
0.895459 0.942251 
2.466273 1.716378 
2.745569 2.643952 
4.529777 3.602954 
5.211861 4.489382 
6.372709 5.864976 
5.777959 6.034490 
0.679365 0.738655 
2.027685 2.448058 
2.421807 2.960809 
4.467913 3.934098 
4.505060 4.733813 
6.505245 5.669540 
1.344180 1.044115 
3.975111 3.952955 
5.216568 4.783314 
6.464960 5.458209 
1.420202 0.828222 
2.182949 2.166648 
3.127645 2.546131 
4.132343 4.298739 
4.780561 4.930383 
5.941652 6.300257 
1.377887 1.220824 
2.089610 1.457075 
2.755331 3.030922 
3.719013 4.158428 
4.012806 3.149878 
4.483593 4.827632 
5.970723 5.920928 
0.354516 0.676243 
1.739777 2.088884 
3.528743 2.911065 
3.874281 3.576837 
5.017797 4.869652 
5.502529 6.111532 
0.680183 0.720950 
2.088867 1.620985 
2.875058 2.802314 
3.840320 3.793040 
5.060911 5.246421 
5.439810 4.823919 
5.867668 6.367001 
0.404301 1.247358 
2.110949 1.663392 
2.032073 2.091633 
3.334681 3.495356 
3.234734 4.081244 
5.267342 5.115961 
6.054198 6.117988 
0.760006 0.656053 
2.112881 1.762977 
2.551010 3.334674 
3.777003 4.030683 
2.762448 3.615555 
4.503805 3.482725 
4.848377 5.030124 
6.317091 6.331794 
1.554777 1.351188 
2.206693 1.943388 
1.758595 1.433555 
3.139599 3.346596 
4.052079 4.173040 
5.632889 4.553920 
6.045333 6.147041 
0.765835 0.906898 
2.181923 1.785527 
1.908418 2.242872 
2.989714 3.620868 
3.946092 3.781651 
4.122799 4.679159 
4.708580 4.948993 
6.087268 6.523118 
0.502518 0.991062 
2.375671 2.316526 
1.957239 2.105568 
3.095856 2.721605 
4.303640 3.872505 
4.819569 4.904112 
5.362577 5.056074 
6.264692 5.965191 
6.603103 6.507571 
5.864911 5.959034 
0.742045 1.042234 
1.863917 2.197980 
3.533104 3.214226 
3.791687 4.241527 
4.980362 5.328291 
6.004053 5.885821 
5.829751 6.288624 
0.769597 0.813580 
1.195392 1.205375 
2.014877 2.156794 
2.818611 2.651356 
0.883180 0.670111 
1.426999 2.327660 
3.210759 3.323045 
4.690847 3.422591 
4.946830 5.191910 
6.203081 5.788029 
0.647525 0.978909 
1.745965 2.342063 
3.204821 3.010799 
4.229423 3.808519 
5.078271 5.029248 
5.839328 5.427800 
1.005015 0.747587 
2.296352 1.539201 
3.094332 3.201735 
4.306134 3.811322 
5.439058 4.530026 
6.552871 5.236385 
1.177339 1.178997 
1.785478 1.870596 
2.854161 2.727541 
3.657905 4.365540 
4.529101 4.725940 
6.117203 6.189513 
0.624403 1.061690 
1.589301 1.860218 
3.099659 2.744431 
4.593284 4.053365 
4.731055 4.926196 
5.417999 5.782092 
0.832286 0.831935 
1.677902 1.695918 
3.439351 2.691460 
3.620913 4.200774 
5.236569 4.753866 
4.529136 4.877001 
6.100992 6.065642 
1.409528 0.825291 
1.684584 2.145335 
3.245082 3.313308 
5.809703 5.794653 
0.721734 0.743912 
1.670297 1.743761 
2.850212 2.415189 
3.053575 3.569400 
3.887054 3.780520 
5.435755 5.298765 
5.975388 6.198274 
0.790366 1.148355 
2.140630 1.793935 
2.675069 3.414816 
4.208600 4.350052 
5.021352 4.236453 
6.115255 6.387544 
0.728458 0.844127 
1.421610 1.759518 
3.094369 2.403889 
3.760947 4.082025 
4.859367 4.766652 
5.774899 5.973550 
1.147872 0.980927 
1.912086 2.268974 
2.596304 2.874192 
4.081928 4.116042 
4.923374 4.685499 
6.365021 5.572156 
6.253194 6.626935 
1.186089 1.065244 
1.642908 2.605999 
3.004885 2.613475 
4.008945 3.807125 
3.814923 4.274066 
5.300373 4.814896 
5.674660 5.882671 
1.111198 1.170318 
1.969933 1.666699 
2.706386 2.840515 
3.124755 2.830374 
3.843748 4.177645 
4.727104 4.732150 
3.662668 3.955463 
4.823044 4.970271 
6.274482 5.858543 
1.241925 1.188335 
2.375438 1.361246 
2.825981 2.956915 
4.159210 4.088804 
4.536489 4.554870 
5.146290 5.518589 
5.177015 5.040431 
5.847946 6.495032 
0.831250 1.326872 
1.915700 1.293863 
3.055891 3.088299 
3.992326 4.625686 
5.023094 4.796294 
5.574598 5.871239 
1.299121 1.325800 
0.888817 1.475677 
1.959772 2.362893 
2.880693 2.884184 
3.820344 4.144950 
4.712097 5.153481 
5.001988 5.683823 
0.769093 1.274949 
2.297052 1.672894 
3.310371 3.302957 
4.276955 3.965677 
5.596987 5.023007 
4.776899 4.851210 
5.880836 6.108410 
1.112619 0.607207 
1.384775 1.611722 
3.152891 3.409149 
3.606483 4.162488 
5.155509 5.085144 
6.090374 5.683658 
6.144929 5.809540 
1.271260 1.311282 
1.740117 1.893921 
6.105823 5.779378 
1.642619 0.917972 
1.064251 1.342234 
1.779602 1.788112 
2.895013 2.387183 
2.937702 2.888793 
4.202550 4.156278 
5.226888 4.703841 
5.967531 6.334495 
0.270172 1.017479 
2.551742 1.706113 
3.170235 3.099499 
3.869467 4.709638 
4.460652 4.596241 
6.208010 5.465749 
0.744016 0.726755 
2.004217 2.188854 
3.345490 3.331841 
3.710591 4.674197 
5.300201 5.148605 
6.355790 6.379458 
0.890302 0.851040 
1.801598 1.606193 
3.123646 3.044710 
4.153748 3.825925 
4.928668 4.410866 
6.231337 6.256012 
0.459626 1.238676 
2.264275 1.867666 
2.588532 3.127208 
3.871547 3.889627 
4.925299 5.372110 
6.658703 6.291283 
1.045272 0.736009 
1.697295 2.443592 
3.228626 3.054084 
4.284475 4.285583 
3.425117 3.952144 
4.521226 5.444887 
6.131899 5.419019 
3.626383 4.271662 
5.405581 5.057489 
5.549869 6.284131 
1.220252 0.326819 
2.159071 1.787354 
2.863831 2.966803 
4.203284 4.143002 
4.699107 4.988669 
5.636520 6.725546 
0.937157 1.061676 
1.972993 2.208676 
2.818893 2.957227 
3.826201 4.002855 
5.624789 4.708625 
6.067363 6.145434 
1.142171 0.746577 
0.762181 1.278265 
2.180400 1.997402 
3.689068 2.909992 
3.543203 3.975003 
5.096655 4.526861 
5.840161 5.317266 
0.999606 1.001157 
1.978604 1.710357 
3.157133 3.506667 
4.145571 3.958598 
4.975591 4.698056 
5.635144 5.885580 
1.349904 1.312834 
1.707068 2.195410 
2.872403 3.218764 
4.153716 3.600322 
4.984437 4.877840 
5.914031 6.171880 
1.046684 1.132495 
2.180148 2.206123 
3.223545 3.479722 
3.386973 3.279448 
4.171895 4.641388 
4.528165 5.382873 
3.911017 4.079682 
5.350926 5.101027 
6.589484 5.232165 
0.983783 0.856058 
2.530735 2.295869 
3.142568 3.334045 
3.654308 3.772786 
4.990553 5.333947 
5.820895 6.046556 
6.236585 6.396615 
5.986882 6.046939 
1.024367 0.818960 
1.752115 1.736881 
3.136896 3.264478 
4.299936 3.772992 
3.752652 4.150238 
5.102715 4.900374 
6.005151 5.656042 
0.687253 1.172765 
2.268868 1.573820 
2.703439 3.247651 
2.748581 2.411544 
3.535265 3.909695 
4.861816 5.415198 
6.564727 6.390535 
0.705938 0.693015 
1.713110 1.642658 
3.362164 2.774450 
4.272739 3.581489 
4.960975 4.922363 
6.100875 6.238054 
0.617107 1.004907 
1.541858 1.564585 
2.984092 3.453983 
4.176396 4.365921 
4.358261 3.548511 
5.182661 4.971745 
5.416432 6.230344 
1.245002 1.310550 
1.339405 1.104715 
1.660637 1.841574 
2.923945 2.707652 
3.764485 4.125678 
5.236831 5.030086 
5.775052 5.264041 
1.386442 1.751236 
2.073292 1.806371 
2.215054 2.190923 
3.371371 3.286435 
3.532670 2.540796 
3.878241 4.156249 
5.216340 4.821300 
6.298720 6.034058 
0.639194 1.483099 
2.434792 1.978814 
2.275611 3.139646 
4.048184 3.717149 
5.085629 5.385893 
5.038091 5.396544 
6.041593 6.376190 
5.463604 6.167296 
1.631488 0.861632 
2.220740 1.702272 
2.821893 2.834832 
3.883938 3.481193 
4.976756 4.608994 
5.837982 6.226165 
6.276877 5.542343 
0.895667 0.990102 
1.669693 2.391140 
2.904237 3.167917 
3.941077 4.341147 
4.735811 3.679362 
4.925674 5.067429 
5.993573 6.319299 
5.945092 5.967953 
1.085759 1.147982 
1.982796 1.681890 
3.164947 3.145706 
3.296479 3.457796 
0.560665 0.991590 
2.151190 2.251280 
3.116360 3.106376 
3.944058 3.724326 
5.130021 4.704715 
5.762628 5.919820 
0.959395 0.508843 
1.470603 1.591355 
1.430399 1.674018 
2.904691 2.694520 
4.201048 4.089373 
5.250234 4.550043 
5.489679 6.815504 
5.712864 5.539385 
0.908735 1.293437 
2.444379 1.941574 
2.397741 3.973021 
4.058482 3.604696 
5.023075 5.133867 
5.669960 5.703935 
1.791437 0.689276 
2.264870 2.091001 
3.180187 3.558619 
4.626600 4.206714 
5.055100 4.698738 
5.821208 5.677276 
0.903885 0.958290 
0.736306 0.530853 
2.138859 2.039333 
2.807433 3.104266 
3.870681 4.167482 
4.742554 5.217033 
6.213653 6.054129 
0.772840 0.298356 
1.620640 1.825676 
2.951452 3.074642 
3.790795 4.043654 
4.558012 4.767738 
5.967861 5.822182 
1.275911 1.257338 
5.855372 5.726291 
0.847901 0.978990 
1.589019 1.695019 
2.727794 2.901906 
4.010912 4.224631 
4.227703 4.781009 
6.132365 5.719175 
1.777036 1.556910 
2.307725 1.311035 
3.055033 3.089732 
4.006199 3.257705 
4.834834 4.991152 
4.933465 4.788095 
6.040979 6.493173 
0.969160 0.729831 
1.733944 2.182622 
2.655014 3.077993 
4.186066 3.795222 
5.505125 5.136564 
6.279403 5.643230 
1.274165 0.703530 
2.019019 1.887000 
3.006239 2.740938 
4.130034 4.399511 
5.149721 5.273467 
5.689201 5.875943 
1.248542 0.667538 
2.151237 2.092998 
2.307981 2.864104 
3.691265 4.066263 
5.198403 4.941032 
6.420228 6.125910 
6.469632 6.114663 
6.134667 6.001948 
1.590039 1.298724 
1.604019 1.850984 
2.594259 3.048056 
4.220658 3.908743 
4.840867 4.457445 
5.743646 6.344443 
3.676592 4.179495 
5.579623 5.270303 
4.593343 5.399445 
5.920836 5.510015 
5.679069 5.805559 
0.436000 0.856484 
2.147518 2.329477 
3.037609 3.030117 
4.280382 4.296750 
4.916945 5.165195 
5.640218 6.176320 
1.166509 1.279541 
2.745993 1.788364 
2.925905 2.737065 
3.962983 4.009245 
5.139046 5.727474 
5.658769 5.674240 
1.034192 1.531948 
2.054543 2.512994 
2.854096 3.109611 
4.305520 4.191550 
4.137958 4.013363 
5.148393 5.452137 
5.793718 6.216437 
0.827176 0.969090 
2.428922 1.849052 
3.552037 2.471655 
4.167854 4.312177 
5.146660 5.199149 
6.191462 6.008714 
1.105894 1.155279 
0.972989 0.895794 
2.189183 2.266813 
1.908216 1.353339 
3.042932 3.045127 
2.542931 2.921362 
3.657648 4.072014 
4.779894 5.098342 
6.161456 6.027942 
0.504905 1.111223 
3.849467 3.527341 
5.048850 5.144790 
6.267858 6.153785 
1.188019 1.373685 
2.584658 1.928047 
2.659869 3.194488 
4.247306 3.707321 
4.976302 4.432756 
6.088733 6.117339 
0.777364 0.906390 
1.665629 1.875388 
2.769260 2.788723 
3.753641 4.167741 
5.162340 5.098693 
5.566267 4.978347 
5.917224 5.447505 
1.119754 1.650310 
1.569032 1.482953 
2.795628 3.255305 
4.004791 4.082261 
4.710377 4.869141 
5.877377 6.056158 
1.364922 0.715174 
2.070445 2.194090 
2.862153 2.806627 
3.323210 3.343277 
4.449737 4.378921 
4.727050 4.462188 
5.797316 6.598526 
1.091789 0.896234 
1.911560 2.233216 
2.775550 2.729118 
2.662899 3.258624 
4.045509 4.240712 
5.405334 5.832610 
5.934010 5.524796 
5.310516 5.358540 
1.226596 1.024658 
1.826118 2.056602 
3.529833 2.794021 
4.108975 3.677435 
4.735408 5.049127 
5.848441 6.489676 
1.025093 0.867435 
1.980673 1.411948 
3.054996 3.017731 
3.978981 3.760785 
5.168587 4.833063 
5.997830 6.272208 
6.304765 6.182484 
1.056429 1.559859 
2.117187 2.003388 
3.169348 2.860048 
3.911847 4.198577 
4.670869 5.401236 
5.775152 5.588601 
0.747722 1.315065 
1.956841 2.325787 
3.112101 3.496684 
4.041980 4.325424 
5.198165 4.503972 
5.860583 6.215941 
0.775484 1.044671 
2.051784 2.351769 
2.855041 3.410161 
4.312487 4.067805 
4.738011 4.793189 
5.612333 5.014469 
5.939573 5.747357 
0.811610 1.530690 
1.979580 2.156449 
3.074541 3.199974 
3.930120 4.132762 
5.271402 4.810578 
5.978711 5.720326 
1.693820 1.656209 
0.697034 0.692287 
2.037226 1.777577 
2.233023 3.080685 
3.975981 4.027993 
0.730740 1.134532 
1.456407 1.849021 
2.957412 3.276236 
4.441953 3.944390 
4.882469 4.927278 
6.018920 6.321253 
0.940174 0.941909 
2.266429 1.646343 
2.806995 3.053333 
3.208580 2.733496 
3.703234 3.260641 
4.268257 4.277065 
4.925338 5.254910 
5.616052 6.360536 
0.364358 0.408953 
1.822351 1.347586 
3.093809 3.110707 
3.504118 4.405306 
5.067332 5.290958 
5.662692 6.231544 
0.960764 0.815324 
1.426822 1.652419 
2.639217 2.812927 
3.663457 4.307708 
4.855516 4.828088 
5.834614 6.079057 
1.178313 0.741690 
2.248809 1.546850 
3.005377 2.483418 
4.582578 3.962704 
4.605640 4.741666 
5.638727 6.073304 
0.733429 0.976093 
1.578796 1.862324 
2.767510 3.350724 
3.919300 2.789497 
5.169604 5.358292 
5.713024 6.138356 
0.653623 0.974506 
2.673318 1.638695 
2.279389 1.726314 
3.448105 2.941755 
4.275297 4.381520 
3.954076 4.006607 
5.007332 4.746118 
6.471128 5.929950 
0.545850 1.452728 
0.674689 0.873398 
2.574117 1.699756 
3.030606 3.247793 
4.000050 3.619104 
4.696859 4.876075 
5.530299 5.150051 
6.280782 6.301708 
0.640440 0.897770 
1.910092 2.157418 
2.716769 3.123925 
4.487842 4.817171 
4.847087 5.049082 
6.042222 5.877532 
1.632472 0.952211 
1.905781 2.450095 
3.059520 3.609163 
4.397014 3.963447 
4.743856 5.185956 
6.032978 6.260311 
0.800659 0.842497 
2.122264 2.083138 
3.150966 2.763833 
3.891468 4.451605 
4.338720 5.551318 
5.014366 5.152365 
6.110075 5.791781 
0.910924 1.263724 
1.789184 1.954257 
2.999678 2.743883 
4.024928 3.827614 
5.496510 5.172372 
6.247787 5.975843 
0.544977 1.035759 
0.971136 1.310093 
0.535921 1.332542 
1.284722 1.748059 
1.848693 2.074573 
2.879700 2.814647 
3.800921 4.018891 
4.667130 4.999853 
6.261206 5.725411 
1.204513 1.024270 
1.908083 2.445388 
3.110822 3.057054 
3.998214 3.892134 
5.075426 5.279511 
6.360505 6.214015 
1.060881 0.761603 
2.249772 2.093044 
3.002445 2.993356 
4.003333 4.170131 
5.345819 4.455696 
6.256362 6.269752 
0.759306 0.858219 
2.061617 1.883203 
3.136961 3.340901 
3.953659 3.340199 
4.635868 5.877517 
5.827508 5.624544 
0.405432 0.816606 
1.704187 2.375890 
3.284155 2.825795 
3.820209 3.911851 
4.697250 5.113815 
6.153409 6.383842 
1.362574 0.942325 
2.341686 1.765704 
2.918598 3.277959 
3.858131 3.869592 
5.294264 5.095537 
5.858048 6.467443 
0.825834 0.681994 
2.208310 1.667636 
3.125896 2.791655 
4.242953 3.876817 
5.286473 4.457003 
5.795080 6.118183 
1.065925 1.231832 
1.817853 1.811916 
3.013459 3.112965 
3.905191 4.109410 
3.571323 3.950472 
3.176843 3.530054 
4.780787 4.835679 
6.210871 6.281351 
5.843356 5.875714 
0.969978 1.182822 
1.991531 1.874084 
2.852321 3.317213 
3.854334 4.296836 
5.177273 5.054922 
5.922267 6.046117 
1.407686 1.347688 
1.524079 2.121714 
2.246172 2.014271 
2.857164 2.625757 
3.771850 3.959388 
4.943591 5.092658 
5.995803 5.304492 
0.961641 0.951360 
2.449107 2.392343 
2.607147 3.263866 
4.116604 3.630424 
3.794280 3.679082 
5.143706 5.298717 
6.602008 5.664555 
1.417302 1.210486 
2.270560 2.483052 
2.577751 2.942306 
4.371681 3.805968 
5.654038 4.914774 
6.077547 5.720156 
1.352051 0.528105 
5.947264 5.988888 
0.879728 1.060935 
2.146459 2.052682 
3.038893 3.517406 
3.696520 4.042810 
4.916758 4.640160 
5.546604 6.411005 
0.841800 0.523384 
1.827699 1.892254 
2.580675 3.337555 
3.736849 4.277131 
4.990765 5.075927 
5.205805 4.575508 
6.315619 5.690967 
5.970630 5.829784 
0.767594 1.262557 
1.974139 1.856945 
3.144574 2.845563 
2.761280 3.132424 
4.157464 4.300475 
4.358468 4.912716 
5.757281 6.046709 
0.850938 1.257933 
2.106930 1.388025 
2.822947 3.054333 
4.141354 4.510854 
5.158086 4.783704 
4.849940 5.411226 
6.100762 5.424663 
0.801534 0.877113 
1.585913 2.492471 
2.304218 2.203932 
3.265354 2.820439 
2.913034 2.644274 
3.285380 3.768310 
4.889489 5.274461 
5.778171 6.675791 
5.672137 5.819795 
0.712972 0.910079 
2.417034 1.431765 
3.180535 2.823780 
3.781295 4.447087 
4.809199 4.911747 
5.933497 6.102977 
0.591570 1.556912 
1.486187 1.531404 
3.111849 2.724846 
3.945488 3.740664 
5.192580 5.004225 
6.196044 6.059506 
0.912009 1.367931 
1.909384 1.795419 
2.624822 2.661285 
4.284026 4.035564 
5.074279 4.766786 
5.742240 6.185357 
0.768053 1.060624 
2.042600 1.581604 
2.582818 3.115946 
4.262065 4.408710 
5.005211 4.867962 
6.627903 6.456472 
1.321614 1.031745 
1.754092 2.999138 
2.897978 2.998789 
3.983924 3.757205 
5.195332 5.140710 
6.126708 6.371803 
1.214420 1.387049 
1.559297 2.137286 
3.103460 3.154150 
4.298395 3.710480 
5.015371 5.265990 
5.795193 5.712576 
5.733850 5.893654 
1.346971 0.913674 
1.697518 2.321049 
3.175628 2.873823 
4.438562 4.899109 
4.958908 4.669726 
5.394977 5.507417 
6.225508 5.766498 
0.584566 0.697758 
1.919010 2.298057 
2.961751 2.971715 
2.457064 2.956410 
4.262699 4.286290 
5.229944 4.465944 
4.911697 5.009294 
6.435764 5.728461 
5.310350 5.994816 
1.141716 0.664329 
1.857035 2.035041 
3.288126 3.539494 
4.178574 3.680552 
5.192252 4.760731 
5.518260 5.979501 
1.096935 1.069710 
0.883371 1.169176 
1.814928 1.981488 
2.646631 2.881974 
3.444756 4.612679 
5.160759 4.844622 
5.983750 5.993260 
0.825223 0.532785 
1.355973 0.834354 
1.958957 1.978413 
2.672916 2.621969 
3.398736 3.983173 
5.117056 4.980882 
6.583916 6.031426 
0.903443 1.324811 
2.487373 2.007894 
2.836165 3.370198 
3.499484 3.905274 
5.159957 5.281327 
5.849847 6.312104 
0.711751 0.574325 
2.005328 1.841674 
2.676884 3.295135 
5.956094 6.149308 
1.242569 0.974950 
1.395572 0.765769 
2.540622 1.735212 
2.868969 3.455003 
4.312592 3.407961 
5.641682 5.068558 
6.190797 5.365925 
1.315616 0.280817 
2.074502 1.646356 
2.178367 2.219957 
2.613060 2.997201 
3.200665 3.047683 
4.140551 4.608685 
5.212143 4.445133 
6.363137 5.965265 
1.113320 1.157628 
1.766896 1.948260 
3.128164 2.697386 
3.960745 3.816658 
4.888354 5.080314 
5.876471 6.332409 
0.458067 0.621279 
0.450093 0.947544 
2.417593 2.107241 
2.583020 3.263166 
3.637511 3.721602 
4.753078 4.770285 
6.057568 5.685672 
1.031256 1.396102 
1.970580 2.396516 
1.981944 2.111811 
2.714159 2.690384 
3.719087 4.157030 
4.729679 5.085313 
5.949093 6.275002 
1.139487 0.835109 
2.015134 1.858515 
2.281264 2.010901 
2.661280 2.835383 
0.949214 1.383356 
2.328164 1.814389 
2.745546 3.390280 
4.163154 3.786395 
5.248381 4.974468 
5.849936 5.607803 
0.279014 1.235840 
2.286553 2.260104 
3.080466 3.297113 
3.984530 3.979099 
4.729042 5.215867 
6.391257 6.159740 
0.651084 1.283319 
1.926466 1.649164 
3.081408 3.403584 
4.388721 4.300668 
5.459683 5.646310 
6.333307 5.413191 
1.274070 0.622599 
2.008973 1.949430 
3.678938 3.456934 
4.050322 4.008411 
5.089440 5.391749 
5.189492 6.184187 
1.101238 0.918550 
1.966490 2.172859 
2.529284 3.420180 
4.161414 4.130334 
5.511270 4.889138 
5.333047 5.455927 
6.257067 5.976916 
0.714317 1.327148 
2.182401 1.878342 
2.268197 1.991402 
2.340081 2.981491 
4.388325 4.430465 
4.258578 4.374455 
4.863979 5.192883 
6.427046 6.348871 
1.632113 1.484316 
3.704707 3.117907 
4.115422 3.847526 
4.760292 5.076717 
6.131668 5.223693 
1.042518 0.408448 
1.890910 2.592456 
2.486321 2.881419 
4.088502 3.645042 
5.007775 5.688686 
5.109614 4.853898 
5.264369 6.233993 
1.001191 1.076177 
1.957052 2.475523 
3.322076 3.176742 
3.881736 3.762323 
4.997684 4.814346 
6.363608 6.561906 
1.224161 1.114416 
2.164246 1.449379 
2.903717 2.903595 
3.770747 3.964934 
4.773133 4.975015 
6.306555 6.206875 
1.824935 1.517214 
2.005057 1.696224 
3.403037 3.003933 
3.422050 3.671693 
4.977894 4.911613 
4.452394 5.052117 
5.572407 5.865517 
0.750884 1.034661 
1.849801 2.519709 
1.933102 1.924065 
3.177599 2.751399 
3.741452 3.759106 
5.426120 5.477178 
6.111832 5.788923 
0.781719 1.110506 
1.924072 1.948938 
2.191735 1.909451 
3.049511 1.775396 
2.846260 3.204108 
3.475294 3.566132 
4.976415 4.624066 
4.757421 4.487949 
6.776617 5.779420 
0.590648 0.610780 
1.441244 1.532961 
3.187294 3.140174 
4.163116 4.325320 
4.983623 5.297154 
5.781712 5.642038 
6.379880 6.656618 
0.934821 0.904092 
1.734881 1.726631 
3.025227 2.612330 
3.701318 4.156750 
4.997392 5.336896 
6.247717 5.869579 
0.601962 1.341498 
0.931787 0.364768 
2.017903 2.214669 
2.425046 3.151988 
4.231254 4.081719 
3.410986 4.401590 
4.580006 4.409681 
5.024291 4.832888 
5.667208 5.701111 
1.586864 0.885001 
2.255839 1.796385 
2.742941 2.987106 
3.834742 4.166821 
4.725764 4.843048 
5.347957 5.097889 
5.987435 5.848650 
0.944198 1.155509 
2.038217 1.467251 
3.369643 2.990645 
3.368556 2.709404 
4.117787 3.796373 
3.856807 3.790714 
5.205175 4.560157 
6.107915 5.792918 
0.555108 1.105288 
1.640430 2.141591 
3.270832 3.182397 
3.939129 3.889777 
4.787986 5.199685 
6.113986 5.605659 
0.786540 1.162375 
2.099867 2.071832 
2.610932 3.264784 
4.289087 4.346679 
4.756009 4.575147 
6.011167 6.065686 
1.120905 1.132485 
2.092345 1.656384 
3.182400 3.574896 
3.769760 4.158082 
4.419523 4.701820 
4.782596 5.091978 
5.495753 5.340492 
0.688377 1.020836 
2.233288 2.034411 
1.891791 1.593302 
3.438510 2.814270 
3.939714 4.616314 
4.697559 5.259786 
6.200337 5.887307 
1.204495 0.838629 
1.887428 1.382726 
2.901137 3.022560 
3.542824 4.047699 
5.190084 5.236896 
6.097614 5.907010 
0.791149 1.002609 
2.348424 2.482769 
3.282058 3.275005 
4.057438 3.811692 
5.074610 5.132534 
0.388099 0.874221 
2.065993 2.109665 
3.194330 2.782840 
3.816815 3.891185 
4.253709 4.695631 
5.173189 5.138110 
6.132064 5.885722 
1.029752 1.014493 
2.327640 2.186358 
2.609704 2.952041 
3.837396 3.729774 
5.509437 5.017485 
6.296119 5.520713 
1.240718 1.907960 
2.304782 1.863744 
2.830510 3.271287 
4.163162 3.756946 
5.288507 5.199112 
4.888784 4.327455 
6.000338 5.439245 
1.000438 0.693466 
2.204457 1.968964 
2.627106 2.945389 
3.961759 3.935876 
5.319300 5.318202 
5.764951 6.229534 
0.715885 1.372671 
1.564461 1.964423 
2.868970 2.899170 
4.083856 3.784940 
4.691480 5.055875 
6.375642 6.638867 
5.930891 6.407972 
5.964182 5.843730 
0.625743 1.648027 
2.085707 1.911996 
3.108906 3.228751 
3.894114 3.912501 
5.132288 5.114372 
6.005626 5.720736 
1.181672 0.932442 
2.057076 2.279119 
2.681557 2.512699 
3.866805 4.171559 
4.918537 5.307855 
5.959527 6.618988 
1.391568 0.278776 
1.908731 2.166246 
3.155870 2.976551 
4.016869 3.776987 
4.776971 4.126559 
5.737473 6.155415 
0.939415 1.125138 
2.321359 2.806271 
3.015457 2.905920 
4.200056 4.193600 
5.042443 5.129595 
6.021478 5.808237 
1.788596 0.835507 
1.420049 1.354197 
2.432915 2.839048 
3.546686 4.145336 
3.699665 3.886983 
4.417660 4.835324 
6.243861 5.863045 
1.062028 1.238026 
1.749329 2.515460 
3.190277 2.459736 
4.220331 3.815642 
4.859405 5.107148 
4.591672 5.114917 
6.400195 5.567601 
1.238903 1.391632 
1.625692 0.839619 
2.294417 1.445951 
2.317894 3.066525 
4.175646 3.688690 
4.156107 3.894960 
5.113526 5.359880 
6.013545 6.332970 
6.462717 6.191547 
0.519121 0.849092 
1.608636 1.924449 
3.187445 3.403359 
2.749124 2.480047 
4.050349 4.346942 
4.501933 4.888944 
6.350594 6.053711 
6.098928 6.124944 
6.495857 5.834335 
5.706494 6.117712 
0.977255 0.678683 
2.061192 2.281472 
2.906278 3.210808 
3.727466 4.344969 
4.838702 5.165735 
6.089516 5.976583 
1.242846 1.076550 
1.842028 2.421372 
3.116253 2.725155 
4.090979 4.079535 
5.031392 5.445796 
5.756857 5.793901 
1.017222 1.425792 
2.053282 1.910188 
2.295372 2.069666 
3.077355 3.766798 
4.352424 4.364059 
5.110013 4.807740 
5.866703 5.941806 
1.207857 0.997208 
2.029110 2.171705 
2.550346 3.274165 
3.677396 3.648822 
4.841434 4.674192 
6.059043 6.125050 
0.905781 0.764139 
1.396640 1.252070 
3.334230 3.052239 
3.896349 3.636519 
5.207299 5.438389 
4.595301 4.541246 
6.066750 5.803833 
0.171905 0.585832 
2.322049 2.114474 
2.645154 3.294130 
4.332552 3.572963 
4.694725 4.933723 
5.976266 5.707329 
0.435310 0.954135 
2.147509 1.597666 
2.480167 2.061331 
2.267078 1.717807 
2.875611 2.879563 
4.056301 3.892519 
5.138936 5.391020 
6.254581 6.331985 
1.044900 0.870414 
2.353818 2.043299 
3.558893 3.545115 
4.422080 3.865124 
4.965093 5.098495 
5.857860 5.894268 
0.863665 0.635499 
2.260796 1.963164 
3.111512 2.698404 
4.356708 4.007200 
5.081807 5.149092 
6.051166 5.721653 
1.169840 1.390859 
1.751770 2.282968 
2.837032 2.948795 
3.983768 4.091796 
4.869220 5.211736 
6.416662 5.767715 
1.210637 0.948020 
2.077231 2.607125 
2.916669 3.030268 
3.380953 3.055248 
3.833572 4.301186 
3.706838 4.103041 
5.296521 5.586259 
5.847122 6.027205 
1.190933 1.477864 
1.843922 1.366872 
3.440335 3.077050 
4.681732 4.094233 
4.925734 4.965706 
5.763070 6.062122 
0.817480 0.458130 
1.411910 1.775880 
3.403717 2.740536 
4.159433 4.019657 
5.712469 4.783888 
5.877281 6.351211 
0.524530 1.500126 
1.986833 1.804224 
3.473236 3.102829 
4.146211 4.162963 
5.459291 4.950954 
6.021575 5.798976 
1.068495 0.775437 
1.785912 1.848644 
2.801899 2.808745 
4.192394 3.778342 
4.907858 4.250495 
6.192220 5.776928 
0.699151 1.127711 
1.886374 2.270585 
3.135398 2.607458 
4.116898 4.038046 
4.947269 5.343450 
5.949918 6.418881 
1.590547 0.791119 
2.031973 1.663841 
2.815681 2.357779 
4.081502 4.391323 
5.184273 4.415183 
6.161648 6.545041 
6.412829 6.252407 
0.816717 1.885692 
0.903358 0.942225 
1.809518 2.094990 
2.519099 1.837723 
2.185184 1.947441 
3.180142 2.608089 
4.098324 3.572353 
4.919053 4.615711 
6.480169 6.770929 
0.744642 0.899174 
2.077994 1.555603 
2.853071 2.975884 
3.844625 4.229138 
4.761345 5.141874 
4.703758 4.973468 
6.705963 6.334403 
1.174462 1.134533 
2.021366 1.221163 
3.274519 2.368751 
3.268089 3.148799 
3.773971 4.165011 
5.145496 4.965295 
6.580853 6.153908 
1.469019 1.183948 
1.377001 1.018438 
0.713323 1.256525 
1.497466 1.846538 
3.193856 3.021585 
3.833328 4.294262 
5.333528 4.793066 
5.830357 5.688990 
0.702619 0.830290 
1.929073 2.238795 
2.687704 2.757934 
4.246800 4.430687 
4.867799 5.300393 
5.113420 5.113933 
6.234688 6.003872 
0.804798 1.199823 
2.247337 2.428093 
2.951060 3.152210 
4.235594 3.936511 
3.502068 4.525081 
4.781396 5.508960 
5.841922 5.814188 
1.327916 1.199356 
2.351288 2.042942 
2.999662 2.552670 
4.123078 4.185097 
4.772278 4.329834 
5.234468 5.244923 
5.481396 5.385124 
6.227783 6.065741 
5.992571 6.552867 
1.134114 0.549135 
1.830878 2.443586 
2.966931 3.239276 
3.157746 3.151988 
3.500514 2.851348 
4.006752 3.872323 
5.381119 5.087197 
5.736689 6.078267 
1.119655 0.822318 
2.049787 2.196672 
2.669919 2.690775 
3.234660 2.762540 
4.115485 4.034593 
4.529637 5.239497 
5.717941 6.329821 
1.018002 0.682871 
0.926893 0.903397 
1.698377 1.963837 
3.138499 3.115111 
4.267456 4.031298 
4.785454 5.305675 
5.713043 6.139043 
0.653449 0.984367 
1.095278 0.521883 
1.194736 0.976746 
2.025876 2.358604 
6.091457 5.758465 
0.586021 1.034802 
1.662281 1.776833 
2.832580 3.064822 
3.489708 2.715169 
4.274083 4.019639 
4.917445 5.136242 
5.646867 5.591198 
1.229250 0.728976 
1.702287 2.109041 
2.754531 3.218655 
4.519442 3.994678 
4.513294 5.452671 
6.101990 6.288373 
1.527352 0.770645 
1.757914 1.923715 
2.986525 3.104963 
2.995614 2.407865 
4.006150 4.195724 
4.763134 5.220736 
5.865339 5.788110 
0.925134 1.337345 
2.388266 1.931666 
3.079667 3.143609 
3.801546 3.925068 
4.892531 4.446503 
5.798059 6.396335 
1.496453 1.243533 
2.119411 1.654717 
3.147455 3.174102 
3.183336 3.983215 
5.367660 5.037272 
6.246549 5.531189 
0.873903 0.773160 
1.912185 2.054379 
2.975699 3.350448 
4.350097 4.580021 
4.819633 5.627723 
6.348949 6.176179 
0.624788 0.983414 
4.892336 4.751478 
6.030443 5.739776 
0.326959 0.677194 
1.966316 2.175371 
2.994377 3.357110 
4.375687 3.678677 
4.837806 4.576323 
5.600544 6.098776 
0.546693 0.803083 
1.110915 0.799094 
1.759353 1.444883 
3.027532 3.356237 
4.015773 3.663084 
5.159375 4.763576 
6.617738 5.920332 
1.448871 1.007506 
2.013812 2.032183 
2.712909 3.230648 
3.912940 4.034702 
5.192481 5.239701 
5.880113 6.715446 
1.163463 0.795266 
1.950987 1.937457 
2.684380 2.411039 
3.574117 4.065274 
5.687555 5.617440 
6.210403 5.971296 
1.491956 1.188284 
1.659017 1.914473 
2.862090 3.673673 
4.218212 4.105257 
5.473251 5.201024 
5.851740 6.115316 
1.320352 0.611751 
1.716940 1.983443 
3.663363 2.554913 
3.686493 4.010517 
5.151441 4.890344 
5.168849 4.602816 
5.731826 6.171945 
3.604565 3.638481 
5.319310 5.333777 
6.378748 5.830219 
0.651376 1.029684 
2.219165 2.233035 
2.944346 3.073153 
4.335839 4.200852 
3.934285 4.185164 
5.308464 4.820782 
6.432693 6.620687 
1.138796 0.874281 
0.972553 1.867232 
2.734497 3.335275 
3.688650 3.849625 
5.292380 4.907935 
5.701707 5.873314 
0.742437 1.323867 
1.585350 1.483759 
3.027885 3.030295 
4.100370 4.286024 
5.331999 4.607644 
6.208744 5.842711 
1.534276 0.997703 
2.187344 1.980203 
2.775570 3.333131 
2.661645 3.273338 
4.069290 4.326236 
4.865051 5.025615 
6.008625 5.521441 
1.632058 0.959373 
1.953630 2.686232 
3.036112 3.116074 
4.226273 4.347071 
5.018877 5.029679 
6.237996 5.436231 
0.785991 0.730173 
1.288693 2.334250 
2.816226 3.057318 
3.682134 4.109987 
5.412945 4.874646 
5.911272 6.094402 
1.611084 0.973220 
2.264351 2.062993 
3.179992 3.456726 
3.936523 4.248063 
5.254534 5.299424 
5.606507 6.256743 
1.642081 1.702459 
1.017671 1.146534 
2.375134 2.186843 
3.033032 3.007525 
4.178377 4.401266 
4.671277 5.375777 
6.460970 5.850052 
1.108018 1.464295 
1.895644 2.174647 
3.077519 2.597030 
4.413844 4.396056 
5.071968 4.568646 
5.760186 5.362596 
5.845713 5.933292 
0.924484 1.166148 
2.237895 1.886843 
3.694799 3.071378 
4.078549 4.143432 
5.175261 4.793071 
6.265753 6.044130 
6.102964 6.074430 
0.867228 0.364748 
1.795939 2.573124 
3.221424 3.288582 
3.911036 4.152157 
5.017663 5.306558 
5.328480 6.017673 
0.358008 1.129216 
1.958328 2.037908 
3.019691 3.023588 
3.994427 3.803824 
5.301219 4.433080 
6.139807 6.149780 
0.872219 1.330985 
2.174794 2.088275 
3.233334 3.405454 
3.659279 4.132502 
5.457193 4.641446 
6.087350 5.751255 
0.729968 1.181215 
0.893748 1.315275 
2.087550 1.764707 
2.839217 2.913975 
4.176908 4.710447 
4.887651 5.029813 
5.586905 6.666998 
1.118542 1.290268 
2.268572 2.103056 
2.804929 2.884060 
3.968341 4.065921 
5.378215 4.780163 
6.359197 6.046697 
0.939587 0.618470 
2.218249 2.245128 
3.044074 2.485049 
3.466382 4.091418 
4.098270 4.270223 
6.055579 6.185101 
1.037229 0.957389 
2.173068 1.431847 
2.834390 3.265852 
3.912031 3.593075 
5.146862 4.687830 
6.172956 5.662270 
1.032292 0.942058 
1.673323 2.355610 
3.122355 2.847051 
4.056818 4.341633 
4.917939 4.922443 
6.017324 6.395523 
0.891277 1.236667 
1.574082 1.791598 
2.218661 1.935042 
0.900831 0.590263 
1.843006 2.726063 
2.981031 2.745632 
2.745623 3.005249 
4.168579 4.203006 
4.837948 4.631566 
6.501719 6.134981 
0.776430 0.989882 
1.863633 1.997135 
2.462858 3.135916 
3.777633 4.567475 
4.936039 4.992181 
5.923805 6.053162 
0.876632 0.754731 
1.709782 1.938527 
3.178495 3.092550 
4.012717 4.195613 
4.670610 5.029679 
5.676851 5.825042 
1.179956 1.145193 
0.248455 0.838301 
1.337609 2.457356 
2.848104 3.142175 
2.845104 2.827389 
3.740610 4.249755 
4.993596 4.890082 
5.521459 5.810685 
0.887621 1.248844 
2.219837 2.231922 
2.863557 3.390686 
4.321118 3.845395 
5.193626 4.712849 
5.778261 6.314841 
1.273664 1.199693 
1.886154 1.918688 
3.323316 2.795886 
3.637113 3.653382 
5.061674 4.792180 
5.595704 5.522279 
0.852628 1.032043 
5.331345 4.877504 
6.028021 5.741694 
5.670698 6.018270 
0.974538 0.790810 
1.760546 2.466952 
2.243261 1.820744 
2.619428 2.784900 
3.937909 4.736353 
4.292623 4.134221 
6.117400 6.176654 
1.234278 1.209364 
2.406341 2.185558 
2.969542 3.003360 
3.765445 3.329810 
4.667111 5.070595 
5.254028 5.111005 
5.220610 6.196173 
0.525213 1.084356 
2.378317 1.701909 
1.664079 1.993324 
3.323163 2.636196 
3.943124 4.180374 
5.593118 4.885471 
5.761693 5.959401 
6.261052 6.088224 
1.428862 1.153494 
2.192191 2.222332 
3.167314 2.853100 
3.971316 4.192498 
4.502478 4.708867 
5.729956 5.854101 
1.120145 0.727898 
1.582557 1.943359 
2.794495 2.826231 
3.693525 4.016989 
5.622334 4.974682 
6.024032 5.949240 
1.669571 0.862086 
2.199117 2.106028 
3.098015 3.202088 
4.410320 4.779317 
6.800803 6.491858 
5.546618 5.884922 
0.570637 0.795825 
2.192226 2.920330 
3.336441 3.259473 
4.024139 3.748944 
3.987791 3.858340 
4.799336 5.125351 
6.337954 6.258794 
1.034420 1.247408 
1.889359 2.298458 
3.385356 3.505930 
4.281676 4.572456 
5.486286 4.737591 
6.578133 5.549274 
1.135577 1.022074 
1.095781 2.186253 
2.948971 3.072838 
3.764197 4.615931 
4.888213 5.128449 
6.091965 6.286150 
6.130684 5.858180 
1.139798 1.203071 
1.552497 2.017489 
2.935886 3.421861 
4.124988 4.371938 
4.930007 4.885530 
4.776193 5.524702 
6.348994 5.870475 
0.950475 1.520219 
1.584517 1.714680 
2.956964 3.381494 
4.276380 4.646959 
5.632947 4.692742 
6.342698 6.433852 
1.287842 1.049962 
2.151576 2.108639 
2.678110 2.978609 
3.851890 3.810578 
3.526610 3.866978 
5.475153 4.540711 
5.941367 5.810559 
1.221569 1.009544 
1.938322 1.373325 
3.277702 2.989991 
4.225079 3.546112 
4.799859 5.073080 
5.467066 5.558534 
0.795319 0.955961 
2.110348 2.110530 
2.777530 3.283757 
3.973086 4.427914 
5.548805 4.897371 
6.178592 6.216271 
0.928409 0.979583 
1.854548 2.262061 
3.318371 2.679747 
4.220342 3.965572 
5.113363 5.086479 
5.370763 6.184987 
0.690298 1.400923 
2.126737 2.679342 
2.844154 2.544124 
3.985675 4.215600 
5.092977 4.749871 
6.199008 6.100564 
0.902964 0.776528 
1.099091 1.789588 
2.092901 1.588719 
2.730670 2.583768 
4.748504 4.070806 
5.187384 5.144519 
5.763535 6.080938 
5.258494 5.521335 
1.402400 1.111153 
1.676123 1.874528 
3.358365 2.847219 
4.427846 3.714941 
4.951815 4.505056 
